1 8
2 9
3 4
4 8
5 3
6 3
7 4
8 2
9 6
10 4
11 6
12 5
13 6
14 9
15 6
16 3
17 7
18 5
19 7
20 10
21 9
22 8
23 8
24 10
25 8
26 1
27 7
28 4
29 7
30 8
31 5
32 3
33 8
34 7
35 2
36 5
37 6
38 8
39 7
40 4
41 10
42 1
43 4
44 9
45 7
46 2
47 3
48 9
49 9
50 9
51 3
52 4
53 9
54 6
55 10
56 2
57 9
58 5
59 2
60 7
61 10
62 2
63 9
64 4
65 4
66 4
67 4
68 5
69 5
70 8
71 2
72 6
73 7
74 1
75 7
76 10
77 4
78 10
79 8
80 4
81 7
82 9
83 2
84 5
85 10
86 9
87 8
88 2
89 4
90 4
91 1
92 9
93 8
94 10
95 4
96 8
97 3
98 9
99 8
100 4
101 6
102 8
103 1
104 4
105 1
106 7
107 8
108 6
109 7
110 5
111 4
112 5
113 7
114 6
115 1
116 8
117 9
118 3
119 10
120 5
121 3
122 2
123 7
124 6
125 5
126 6
127 4
128 5
129 7
130 10
131 4
132 3
133 5
134 7
135 7
136 3
137 4
138 10
139 7
140 2
141 8
142 6
143 5
144 2
145 3
146 10
147 3
148 9
149 2
150 2
151 9
152 2
153 3
154 2
155 8
156 4
157 10
158 5
159 5
160 4
161 3
162 1
163 8
164 8
165 7
166 7
167 1
168 5
169 7
170 1
171 2
172 3
173 4
174 6
175 1
176 8
177 4
178 6
179 1
180 2
181 5
182 1
183 6
184 1
185 5
186 2
187 8
188 4
189 9
190 10
191 1
192 1
193 10
194 8
195 3
196 1
197 2
198 9
199 7
200 4
201 8
202 9
203 10
204 2
205 4
206 4
207 5
208 1
209 10
210 5
211 7
212 10
213 10
214 1
215 7
216 9
217 8
218 6
219 9
220 9
221 2
222 5
223 6
224 6
225 8
226 5
227 2
228 10
229 3
230 6
231 8
232 7
233 3
234 10
235 3
236 1
237 9
238 1
239 3
240 8
241 3
242 2
243 2
244 6
245 4
246 8
247 1
248 7
249 7
250 3
251 2
252 10
253 6
254 5
255 2
256 6
257 1
258 10
259 8
260 7
261 3
262 8
263 7
264 1
265 1
266 10
267 6
268 5
269 3
270 4
271 9
272 6
273 6
274 4
275 10
276 1
277 10
278 10
279 1
280 10
281 7
282 1
283 3
284 10
285 1
286 6
287 1
288 5
289 5
290 3
291 10
292 8
293 8
294 10
295 10
296 5
297 7
298 7
299 1
300 4
301 7
302 3
303 1
304 7
305 2
306 6
307 5
308 9
309 7
310 4
311 2
312 5
313 5
314 1
315 4
316 3
317 6
318 1
319 8
320 6
321 8
322 1
323 10
324 8
325 3
326 4
327 2
328 9
329 1
330 10
331 3
332 5
333 7
334 8
335 6
336 3
337 6
338 8
339 8
340 10
341 1
342 7
343 6
344 5
345 1
346 6
347 1
348 3
349 6
350 10
351 10
352 4
353 9
354 4
355 5
356 7
357 10
358 9
359 8
360 10
361 9
362 7
363 10
364 10
365 3
366 10
367 5
368 10
369 1
370 6
371 10
372 8
373 2
374 10
375 2
376 7
377 9
378 3
379 5
380 1
381 1
382 7
383 8
384 10
385 4
386 8
387 5
388 1
389 9
390 2
391 10
392 5
393 9
394 7
395 1
396 8
397 10
398 2
399 4
400 9
401 3
402 3
403 2
404 1
405 8
406 1
407 8
408 6
409 6
410 3
411 9
412 8
413 4
414 3
415 6
416 4
417 6
418 4
419 1
420 9
421 3
422 1
423 10
424 7
425 7
426 7
427 5
428 3
429 4
430 1
431 8
432 6
433 2
434 6
435 7
436 8
437 9
438 3
439 8
440 5
441 8
442 10
443 9
444 4
445 10
446 5
447 10
448 9
449 3
450 2
451 10
452 2
453 3
454 10
455 4
456 10
457 1
458 6
459 3
460 1
461 5
462 4
463 3
464 9
465 4
466 2
467 10
468 5
469 6
470 6
471 2
472 4
473 2
474 7
475 10
476 7
477 10
478 8
479 4
480 5
481 6
482 5
483 8
484 4
485 8
486 6
487 7
488 6
489 4
490 2
491 6
492 6
493 1
494 2
495 4
496 8
497 6
498 1
499 9
500 2
501 9
502 10
503 7
504 9
505 1
506 9
507 1
508 1
509 8
510 7
511 3
512 5
513 1
514 6
515 9
516 7
517 5
518 7
519 8
520 5
521 1
522 2
523 10
524 3
525 8
526 5
527 1
528 3
529 10
530 10
531 9
532 8
533 2
534 7
535 10
536 3
537 1
538 1
539 6
540 5
541 5
542 4
543 6
544 10
545 8
546 3
547 3
548 7
549 1
550 3
551 4
552 6
553 9
554 9
555 2
556 3
557 4
558 7
559 8
560 10
561 8
562 1
563 6
564 5
565 2
566 3
567 4
568 8
569 2
570 10
571 4
572 1
573 6
574 5
575 7
576 5
577 2
578 6
579 7
580 3
581 4
582 1
583 7
584 8
585 4
586 10
587 2
588 5
589 3
590 10
591 1
592 1
593 1
594 7
595 9
596 2
597 7
598 6
599 8
600 2
601 8
602 8
603 4
604 2
605 5
606 4
607 1
608 9
609 8
610 4
611 4
612 5
613 7
614 5
615 7
616 8
617 2
618 9
619 1
620 8
621 2
622 1
623 1
624 4
625 10
626 8
627 6
628 6
629 3
630 9
631 10
632 3
633 9
634 8
635 1
636 8
637 7
638 3
639 6
640 6
641 5
642 1
643 9
644 6
645 3
646 5
647 1
648 9
649 8
650 5
651 2
652 3
653 3
654 10
655 10
656 6
657 4
658 2
659 5
660 8
661 9
662 5
663 6
664 9
665 10
666 10
667 4
668 1
669 3
670 10
671 1
672 6
673 5
674 2
675 3
676 10
677 4
678 2
679 9
680 2
681 2
682 10
683 9
684 4
685 6
686 5
687 8
688 4
689 5
690 1
691 10
692 10
693 2
694 8
695 1
696 3
697 1
698 4
699 4
700 3
701 3
702 7
703 8
704 3
705 5
706 6
707 5
708 5
709 3
710 1
711 4
712 4
713 6
714 1
715 6
716 2
717 10
718 7
719 8
720 1
721 5
722 5
723 10
724 3
725 1
726 6
727 4
728 6
729 8
730 2
731 8
732 7
733 6
734 2
735 4
736 3
737 7
738 2
739 8
740 4
741 6
742 4
743 10
744 3
745 8
746 4
747 5
748 4
749 6
750 3
751 9
752 2
753 6
754 7
755 1
756 5
757 1
758 4
759 5
760 10
761 9
762 4
763 4
764 2
765 6
766 7
767 4
768 9
769 7
770 9
771 4
772 9
773 10
774 4
775 5
776 9
777 2
778 5
779 2
780 2
781 5
782 10
783 10
784 3
785 1
786 3
787 8
788 2
789 2
790 9
791 1
792 8
793 6
794 5
795 5
796 5
797 3
798 3
799 4
800 6
801 4
802 4
803 5
804 7
805 1
806 4
807 4
808 6
809 3
810 1
811 9
812 3
813 7
814 5
815 2
816 10
817 2
818 5
819 2
820 6
821 10
822 7
823 8
824 4
825 9
826 9
827 6
828 1
829 1
830 10
831 6
832 6
833 7
834 3
835 5
836 9
837 5
838 2
839 2
840 9
841 10
842 1
843 4
844 7
845 3
846 2
847 2
848 1
849 2
850 4
851 8
852 7
853 5
854 5
855 10
856 5
857 10
858 7
859 1
860 8
861 1
862 7
863 4
864 1
865 2
866 4
867 5
868 10
869 2
870 5
871 8
872 9
873 2
874 4
875 3
876 9
877 10
878 5
879 7
880 1
881 9
882 3
883 6
884 4
885 10
886 1
887 7
888 8
889 3
890 7
891 7
892 2
893 9
894 2
895 7
896 8
897 7
898 6
899 10
900 7
901 1
902 3
903 1
904 3
905 1
906 10
907 7
908 4
909 4
910 1
911 3
912 10
913 6
914 6
915 4
916 10
917 5
918 5
919 10
920 9
921 7
922 1
923 8
924 10
925 9
926 4
927 2
928 7
929 9
930 2
931 9
932 1
933 1
934 7
935 5
936 1
937 3
938 5
939 4
940 6
941 5
942 4
943 7
944 1
945 8
946 8
947 6
948 2
949 3
950 8
951 10
952 7
953 6
954 3
955 9
956 4
957 9
958 8
959 4
960 4
961 6
962 10
963 7
964 8
965 1
966 3
967 6
968 4
969 10
970 7
971 3
972 4
973 6
974 3
975 6
976 3
977 1
978 6
979 9
980 9
981 4
982 1
983 2
984 7
985 6
986 7
987 9
988 6
989 3
990 5
991 1
992 4
993 10
994 4
995 2
996 1
997 1
998 9
999 10
1000 7
1001 3
1002 10
1003 7
1004 6
1005 5
1006 6
1007 10
1008 1
1009 6
1010 9
1011 4
1012 4
1013 7
1014 2
1015 1
1016 7
1017 5
1018 8
1019 8
1020 5
1021 4
1022 8
1023 1
1024 7
1025 4
1026 4
1027 5
1028 1
1029 4
1030 7
1031 1
1032 1
1033 6
1034 7
1035 2
1036 3
1037 6
1038 6
1039 2
1040 4
1041 7
1042 5
1043 1
1044 3
1045 5
1046 6
1047 4
1048 1
1049 6
1050 3
1051 7
1052 10
1053 2
1054 6
1055 3
1056 6
1057 8
1058 1
1059 1
1060 7
1061 9
1062 8
1063 9
1064 4
1065 3
1066 4
1067 9
1068 8
1069 7
1070 5
1071 6
1072 2
1073 5
1074 4
1075 10
1076 7
1077 1
1078 7
1079 4
1080 5
1081 2
1082 9
1083 9
1084 2
1085 8
1086 4
1087 4
1088 8
1089 3
1090 2
1091 2
1092 3
1093 7
1094 5
1095 6
1096 10
1097 9
1098 10
1099 1
1100 1
1101 10
1102 7
1103 3
1104 4
1105 8
1106 10
1107 9
1108 8
1109 9
1110 4
1111 4
1112 6
1113 4
1114 2
1115 2
1116 9
1117 6
1118 3
1119 1
1120 9
1121 1
1122 10
1123 6
1124 1
1125 9
1126 10
1127 6
1128 1
1129 2
1130 9
1131 7
1132 7
1133 6
1134 7
1135 5
1136 9
1137 9
1138 4
1139 5
1140 7
1141 2
1142 9
1143 3
1144 3
1145 1
1146 3
1147 10
1148 8
1149 6
1150 4
1151 1
1152 10
1153 4
1154 4
1155 2
1156 10
1157 8
1158 1
1159 7
1160 3
1161 5
1162 3
1163 4
1164 4
1165 4
1166 9
1167 5
1168 4
1169 8
1170 3
1171 3
1172 3
1173 9
1174 10
1175 4
1176 4
1177 3
1178 6
1179 3
1180 10
1181 3
1182 2
1183 3
1184 3
1185 9
1186 5
1187 4
1188 1
1189 4
1190 9
1191 10
1192 3
1193 8
1194 4
1195 9
1196 7
1197 9
1198 9
1199 4
1200 4
1201 9
1202 10
1203 2
1204 6
1205 2
1206 5
1207 7
1208 2
1209 5
1210 1
1211 1
1212 9
1213 10
1214 9
1215 3
1216 5
1217 4
1218 8
1219 7
1220 7
1221 7
1222 5
1223 10
1224 8
1225 8
1226 2
1227 1
1228 2
1229 1
1230 1
1231 10
1232 6
1233 1
1234 6
1235 3
1236 2
1237 1
1238 1
1239 9
1240 2
1241 6
1242 4
1243 8
1244 3
1245 9
1246 8
1247 3
1248 2
1249 4
1250 7
1251 8
1252 1
1253 10
1254 1
1255 4
1256 9
1257 2
1258 6
1259 9
1260 10
1261 4
1262 1
1263 7
1264 9
1265 7
1266 6
1267 6
1268 3
1269 1
1270 7
1271 9
1272 10
1273 2
1274 6
1275 4
1276 7
1277 6
1278 4
1279 3
1280 10
1281 4
1282 7
1283 8
1284 6
1285 3
1286 8
1287 4
1288 9
1289 6
1290 1
1291 6
1292 2
1293 9
1294 10
1295 9
1296 9
1297 6
1298 4
1299 10
1300 3
1301 2
1302 7
1303 5
1304 1
1305 1
1306 5
1307 10
1308 8
1309 1
1310 4
1311 6
1312 1
1313 3
1314 1
1315 7
1316 3
1317 8
1318 9
1319 3
1320 1
1321 2
1322 10
1323 3
1324 7
1325 7
1326 4
1327 6
1328 10
1329 6
1330 6
1331 7
1332 6
1333 7
1334 4
1335 6
1336 7
1337 8
1338 6
1339 6
1340 6
1341 6
1342 1
1343 4
1344 9
1345 7
1346 2
1347 9
1348 10
1349 2
1350 10
1351 3
1352 10
1353 9
1354 3
1355 1
1356 6
1357 7
1358 10
1359 4
1360 6
1361 6
1362 2
1363 6
1364 3
1365 5
1366 1
1367 8
1368 1
1369 3
1370 5
1371 8
1372 10
1373 2
1374 6
1375 10
1376 4
1377 1
1378 4
1379 8
1380 2
1381 7
1382 8
1383 1
1384 8
1385 10
1386 1
1387 5
1388 4
1389 2
1390 3
1391 1
1392 5
1393 8
1394 8
1395 10
1396 10
1397 2
1398 3
1399 5
1400 5
1401 9
1402 1
1403 1
1404 7
1405 10
1406 5
1407 4
1408 10
1409 7
1410 2
1411 2
1412 8
1413 3
1414 2
1415 8
1416 9
1417 5
1418 8
1419 1
1420 3
1421 7
1422 4
1423 5
1424 7
1425 6
1426 9
1427 7
1428 9
1429 7
1430 6
1431 6
1432 5
1433 2
1434 8
1435 2
1436 3
1437 2
1438 9
1439 6
1440 4
1441 8
1442 6
1443 3
1444 4
1445 7
1446 3
1447 10
1448 2
1449 3
1450 1
1451 3
1452 10
1453 7
1454 4
1455 6
1456 6
1457 7
1458 3
1459 6
1460 8
1461 4
1462 10
1463 8
1464 2
1465 5
1466 5
1467 7
1468 4
1469 10
1470 7
1471 6
1472 3
1473 5
1474 10
1475 4
1476 4
1477 7
1478 5
1479 5
1480 5
1481 1
1482 5
1483 4
1484 8
1485 7
1486 10
1487 6
1488 8
1489 1
1490 7
1491 4
1492 10
1493 6
1494 2
1495 6
1496 6
1497 5
1498 9
1499 1
1500 8
1501 1
1502 7
1503 6
1504 3
1505 4
1506 7
1507 8
1508 10
1509 2
1510 8
1511 5
1512 1
1513 10
1514 3
1515 6
1516 2
1517 1
1518 8
1519 2
1520 8
1521 5
1522 3
1523 2
1524 4
1525 5
1526 8
1527 6
1528 10
1529 9
1530 6
1531 10
1532 1
1533 1
1534 6
1535 4
1536 1
1537 8
1538 3
1539 8
1540 6
1541 9
1542 2
1543 8
1544 3
1545 9
1546 4
1547 5
1548 3
1549 3
1550 7
1551 5
1552 10
1553 4
1554 1
1555 2
1556 6
1557 2
1558 9
1559 6
1560 10
1561 1
1562 10
1563 3
1564 5
1565 2
1566 8
1567 3
1568 7
1569 8
1570 7
1571 5
1572 8
1573 2
1574 1
1575 5
1576 1
1577 9
1578 7
1579 8
1580 6
1581 3
1582 9
1583 6
1584 2
1585 3
1586 5
1587 8
1588 8
1589 3
1590 9
1591 2
1592 5
1593 6
1594 10
1595 9
1596 3
1597 6
1598 3
1599 4
1600 9
1601 4
1602 2
1603 6
1604 8
1605 6
1606 4
1607 3
1608 8
1609 5
1610 4
1611 7
1612 7
1613 3
1614 4
1615 9
1616 1
1617 1
1618 9
1619 3
1620 7
1621 8
1622 3
1623 2
1624 6
1625 6
1626 5
1627 10
1628 1
1629 5
1630 9
1631 2
1632 7
1633 8
1634 10
1635 10
1636 7
1637 6
1638 8
1639 10
1640 2
1641 3
1642 5
1643 9
1644 8
1645 2
1646 5
1647 7
1648 9
1649 2
1650 8
1651 9
1652 2
1653 7
1654 3
1655 1
1656 8
1657 1
1658 1
1659 7
1660 4
1661 6
1662 10
1663 9
1664 6
1665 7
1666 7
1667 3
1668 10
1669 6
1670 9
1671 3
1672 2
1673 3
1674 4
1675 8
1676 8
1677 8
1678 4
1679 6
1680 7
1681 3
1682 2
1683 10
1684 9
1685 7
1686 2
1687 9
1688 3
1689 8
1690 7
1691 8
1692 5
1693 5
1694 9
1695 7
1696 8
1697 5
1698 2
1699 1
1700 2
1701 7
1702 10
1703 7
1704 9
1705 1
1706 8
1707 5
1708 5
1709 1
1710 8
1711 1
1712 9
1713 9
1714 6
1715 2
1716 4
1717 3
1718 2
1719 5
1720 4
1721 2
1722 6
1723 3
1724 3
1725 8
1726 2
1727 8
1728 2
1729 4
1730 9
1731 9
1732 6
1733 8
1734 1
1735 2
1736 7
1737 9
1738 1
1739 9
1740 10
1741 8
1742 5
1743 8
1744 10
1745 3
1746 6
1747 8
1748 6
1749 10
1750 2
1751 8
1752 5
1753 7
1754 9
1755 4
1756 2
1757 3
1758 1
1759 10
1760 6
1761 5
1762 8
1763 10
1764 5
1765 10
1766 8
1767 1
1768 8
1769 7
1770 7
1771 7
1772 3
1773 6
1774 4
1775 7
1776 5
1777 6
1778 8
1779 10
1780 6
1781 7
1782 4
1783 6
1784 8
1785 6
1786 1
1787 7
1788 7
1789 10
1790 4
1791 2
1792 5
1793 4
1794 6
1795 9
1796 8
1797 2
1798 10
1799 3
1800 5
1801 3
1802 6
1803 2
1804 6
1805 1
1806 2
1807 2
1808 1
1809 1
1810 2
1811 10
1812 7
1813 4
1814 8
1815 1
1816 10
1817 10
1818 6
1819 3
1820 9
1821 1
1822 6
1823 7
1824 8
1825 3
1826 2
1827 3
1828 2
1829 10
1830 5
1831 10
1832 7
1833 1
1834 5
1835 8
1836 10
1837 5
1838 5
1839 4
1840 5
1841 10
1842 6
1843 2
1844 7
1845 6
1846 9
1847 7
1848 6
1849 8
1850 2
1851 10
1852 10
1853 2
1854 5
1855 7
1856 2
1857 8
1858 8
1859 3
1860 4
1861 8
1862 6
1863 2
1864 7
1865 1
1866 10
1867 8
1868 6
1869 8
1870 8
1871 9
1872 6
1873 3
1874 4
1875 5
1876 3
1877 10
1878 6
1879 5
1880 7
1881 2
1882 2
1883 8
1884 9
1885 1
1886 2
1887 7
1888 1
1889 3
1890 7
1891 3
1892 3
1893 1
1894 7
1895 2
1896 6
1897 5
1898 6
1899 10
1900 5
1901 4
1902 7
1903 9
1904 2
1905 6
1906 8
1907 7
1908 9
1909 3
1910 7
1911 8
1912 2
1913 8
1914 8
1915 2
1916 3
1917 1
1918 5
1919 3
1920 8
1921 9
1922 3
1923 10
1924 10
1925 3
1926 4
1927 1
1928 3
1929 1
1930 3
1931 1
1932 2
1933 6
1934 10
1935 6
1936 4
1937 1
1938 3
1939 6
1940 8
1941 9
1942 4
1943 2
1944 1
1945 9
1946 3
1947 5
1948 1
1949 2
1950 7
1951 8
1952 7
1953 7
1954 7
1955 2
1956 10
1957 3
1958 3
1959 9
1960 10
1961 4
1962 5
1963 5
1964 8
1965 7
1966 2
1967 7
1968 7
1969 7
1970 4
1971 10
1972 2
1973 9
1974 8
1975 4
1976 7
1977 10
1978 9
1979 7
1980 4
1981 3
1982 1
1983 1
1984 1
1985 2
1986 10
1987 10
1988 7
1989 9
1990 9
1991 1
1992 6
1993 9
1994 9
1995 2
1996 2
1997 10
1998 4
1999 1
2000 6
2001 9
2002 3
2003 10
2004 10
2005 3
2006 5
2007 3
2008 9
2009 4
2010 9
2011 3
2012 8
2013 7
2014 3
2015 1
2016 9
2017 7
2018 5
2019 6
2020 5
2021 8
2022 6
2023 6
2024 3
2025 10
2026 6
2027 7
2028 1
2029 3
2030 7
2031 4
2032 5
2033 3
2034 5
2035 6
2036 1
2037 5
2038 3
2039 5
2040 8
2041 6
2042 5
2043 3
2044 2
2045 6
2046 7
2047 4
2048 6
2049 8
2050 8
2051 6
2052 5
2053 9
2054 3
2055 1
2056 7
2057 1
2058 2
2059 3
2060 6
2061 7
2062 6
2063 6
2064 8
2065 9
2066 6
2067 9
2068 1
2069 10
2070 10
2071 2
2072 5
2073 3
2074 7
2075 10
2076 8
2077 5
2078 7
2079 6
2080 1
2081 2
2082 7
2083 4
2084 10
2085 2
2086 1
2087 6
2088 5
2089 4
2090 10
2091 7
2092 8
2093 3
2094 6
2095 2
2096 8
2097 9
2098 2
2099 5
2100 9
2101 6
2102 3
2103 9
2104 9
2105 10
2106 1
2107 1
2108 10
2109 10
2110 7
2111 1
2112 9
2113 7
2114 7
2115 10
2116 1
2117 8
2118 9
2119 10
2120 10
2121 9
2122 10
2123 6
2124 10
2125 5
2126 4
2127 7
2128 1
2129 3
2130 7
2131 7
2132 7
2133 4
2134 6
2135 9
2136 5
2137 7
2138 1
2139 4
2140 9
2141 3
2142 6
2143 5
2144 2
2145 7
2146 8
2147 7
2148 5
2149 8
2150 8
2151 4
2152 9
2153 8
2154 7
2155 2
2156 4
2157 6
2158 9
2159 9
2160 6
2161 1
2162 7
2163 3
2164 3
2165 2
2166 3
2167 5
2168 3
2169 10
2170 1
2171 10
2172 3
2173 5
2174 4
2175 7
2176 7
2177 9
2178 8
2179 10
2180 1
2181 9
2182 6
2183 9
2184 7
2185 5
2186 2
2187 9
2188 4
2189 2
2190 8
2191 9
2192 8
2193 8
2194 9
2195 1
2196 8
2197 8
2198 5
2199 8
2200 3
2201 5
2202 4
2203 6
2204 10
2205 8
2206 4
2207 5
2208 4
2209 7
2210 6
2211 2
2212 5
2213 7
2214 1
2215 7
2216 2
2217 10
2218 10
2219 4
2220 1
2221 3
2222 3
2223 2
2224 4
2225 2
2226 5
2227 5
2228 10
2229 4
2230 7
2231 8
2232 9
2233 10
2234 3
2235 6
2236 4
2237 9
2238 9
2239 9
2240 9
2241 7
2242 5
2243 9
2244 9
2245 2
2246 4
2247 2
2248 7
2249 6
2250 10
2251 8
2252 5
2253 3
2254 10
2255 9
2256 9
2257 5
2258 3
2259 3
2260 8
2261 1
2262 7
2263 7
2264 6
2265 5
2266 5
2267 3
2268 1
2269 2
2270 10
2271 7
2272 2
2273 10
2274 8
2275 5
2276 2
2277 5
2278 7
2279 8
2280 4
2281 5
2282 4
2283 6
2284 9
2285 8
2286 1
2287 3
2288 6
2289 7
2290 8
2291 8
2292 2
2293 3
2294 2
2295 7
2296 4
2297 4
2298 10
2299 9
2300 7
2301 5
2302 4
2303 8
2304 1
2305 4
2306 1
2307 6
2308 7
2309 7
2310 2
2311 2
2312 4
2313 6
2314 10
2315 9
2316 5
2317 9
2318 2
2319 8
2320 8
2321 5
2322 4
2323 3
2324 9
2325 6
2326 9
2327 6
2328 8
2329 3
2330 2
2331 1
2332 7
2333 4
2334 6
2335 6
2336 5
2337 9
2338 5
2339 4
2340 3
2341 1
2342 10
2343 10
2344 2
2345 10
2346 1
2347 10
2348 4
2349 1
2350 4
2351 9
2352 4
2353 1
2354 7
2355 4
2356 1
2357 7
2358 8
2359 4
2360 5
2361 8
2362 6
2363 5
2364 1
2365 9
2366 10
2367 9
2368 7
2369 10
2370 4
2371 6
2372 7
2373 10
2374 9
2375 3
2376 1
2377 6
2378 10
2379 1
2380 2
2381 10
2382 10
2383 4
2384 5
2385 8
2386 7
2387 3
2388 4
2389 4
2390 6
2391 1
2392 9
2393 4
2394 1
2395 8
2396 10
2397 3
2398 9
2399 6
2400 5
2401 8
2402 1
2403 1
2404 3
2405 5
2406 8
2407 7
2408 5
2409 2
2410 1
2411 7
2412 4
2413 1
2414 1
2415 3
2416 5
2417 7
2418 10
2419 3
2420 4
2421 8
2422 7
2423 9
2424 6
2425 4
2426 9
2427 6
2428 1
2429 9
2430 8
2431 9
2432 6
2433 8
2434 2
2435 6
2436 1
2437 5
2438 5
2439 10
2440 9
2441 2
2442 2
2443 1
2444 9
2445 10
2446 5
2447 5
2448 3
2449 2
2450 10
2451 8
2452 7
2453 10
2454 10
2455 7
2456 5
2457 10
2458 9
2459 4
2460 10
2461 8
2462 2
2463 10
2464 2
2465 8
2466 9
2467 6
2468 4
2469 3
2470 4
2471 8
2472 1
2473 7
2474 3
2475 10
2476 4
2477 8
2478 9
2479 3
2480 8
2481 4
2482 9
2483 5
2484 1
2485 2
2486 3
2487 4
2488 1
2489 1
2490 2
2491 7
2492 6
2493 10
2494 1
2495 5
2496 5
2497 7
2498 7
2499 6
2500 8
2501 2
2502 10
2503 5
2504 3
2505 2
2506 2
2507 4
2508 7
2509 10
2510 6
2511 10
2512 6
2513 9
2514 4
2515 2
2516 3
2517 10
2518 1
2519 1
2520 7
2521 9
2522 8
2523 1
2524 6
2525 7
2526 5
2527 6
2528 7
2529 9
2530 10
2531 8
2532 4
2533 10
2534 6
2535 10
2536 8
2537 7
2538 7
2539 9
2540 8
2541 10
2542 1
2543 9
2544 9
2545 4
2546 9
2547 3
2548 5
2549 5
2550 6
2551 1
2552 3
2553 10
2554 9
2555 5
2556 2
2557 6
2558 1
2559 9
2560 9
2561 3
2562 5
2563 4
2564 1
2565 7
2566 4
2567 1
2568 2
2569 5
2570 2
2571 5
2572 4
2573 6
2574 10
2575 6
2576 9
2577 4
2578 6
2579 7
2580 6
2581 9
2582 8
2583 4
2584 7
2585 7
2586 3
2587 6
2588 4
2589 1
2590 10
2591 6
2592 9
2593 4
2594 3
2595 9
2596 10
2597 4
2598 1
2599 10
2600 6
2601 10
2602 9
2603 2
2604 1
2605 7
2606 2
2607 7
2608 3
2609 3
2610 10
2611 7
2612 3
2613 2
2614 8
2615 10
2616 4
2617 4
2618 4
2619 4
2620 1
2621 2
2622 3
2623 2
2624 10
2625 3
2626 2
2627 4
2628 8
2629 10
2630 10
2631 10
2632 7
2633 8
2634 6
2635 6
2636 4
2637 1
2638 5
2639 6
2640 8
2641 2
2642 10
2643 7
2644 6
2645 1
2646 9
2647 4
2648 1
2649 5
2650 6
2651 1
2652 9
2653 8
2654 10
2655 2
2656 9
2657 9
2658 4
2659 7
2660 7
2661 4
2662 9
2663 6
2664 5
2665 4
2666 8
2667 6
2668 8
2669 4
2670 3
2671 5
2672 4
2673 10
2674 2
2675 5
2676 7
2677 5
2678 3
2679 1
2680 8
2681 4
2682 1
2683 6
2684 8
2685 10
2686 10
2687 2
2688 8
2689 8
2690 10
2691 6
2692 4
2693 1
2694 10
2695 9
2696 4
2697 4
2698 5
2699 7
2700 9
2701 6
2702 5
2703 6
2704 2
2705 6
2706 10
2707 3
2708 1
2709 3
2710 1
2711 2
2712 3
2713 8
2714 2
2715 5
2716 3
2717 3
2718 1
2719 10
2720 8
2721 10
2722 2
2723 10
2724 5
2725 9
2726 9
2727 6
2728 7
2729 7
2730 10
2731 5
2732 1
2733 7
2734 7
2735 2
2736 6
2737 9
2738 3
2739 7
2740 3
2741 8
2742 3
2743 3
2744 6
2745 9
2746 1
2747 9
2748 9
2749 6
2750 2
2751 5
2752 2
2753 6
2754 6
2755 2
2756 9
2757 6
2758 10
2759 3
2760 3
2761 7
2762 4
2763 5
2764 1
2765 3
2766 6
2767 5
2768 2
2769 4
2770 9
2771 3
2772 3
2773 9
2774 9
2775 9
2776 5
2777 9
2778 3
2779 3
2780 2
2781 4
2782 9
2783 7
2784 8
2785 9
2786 9
2787 5
2788 9
2789 7
2790 5
2791 2
2792 6
2793 6
2794 6
2795 6
2796 6
2797 9
2798 2
2799 1
2800 3
2801 2
2802 1
2803 9
2804 3
2805 8
2806 1
2807 10
2808 2
2809 2
2810 10
2811 10
2812 3
2813 10
2814 6
2815 8
2816 9
2817 3
2818 9
2819 4
2820 8
2821 2
2822 8
2823 6
2824 7
2825 8
2826 4
2827 4
2828 6
2829 3
2830 1
2831 9
2832 1
2833 10
2834 10
2835 6
2836 6
2837 8
2838 9
2839 2
2840 10
2841 3
2842 5
2843 3
2844 6
2845 2
2846 3
2847 9
2848 4
2849 7
2850 2
2851 4
2852 6
2853 9
2854 10
2855 2
2856 7
2857 1
2858 2
2859 9
2860 8
2861 9
2862 1
2863 7
2864 9
2865 10
2866 3
2867 1
2868 2
2869 2
2870 7
2871 4
2872 1
2873 8
2874 2
2875 10
2876 10
2877 4
2878 4
2879 1
2880 6
2881 8
2882 5
2883 3
2884 6
2885 7
2886 3
2887 7
2888 5
2889 1
2890 2
2891 2
2892 2
2893 9
2894 6
2895 2
2896 4
2897 8
2898 5
2899 6
2900 9
2901 3
2902 7
2903 7
2904 4
2905 8
2906 1
2907 6
2908 8
2909 5
2910 5
2911 2
2912 1
2913 6
2914 4
2915 6
2916 8
2917 9
2918 4
2919 4
2920 8
2921 8
2922 10
2923 4
2924 5
2925 3
2926 3
2927 2
2928 9
2929 6
2930 5
2931 6
2932 4
2933 4
2934 7
2935 6
2936 7
2937 3
2938 4
2939 5
2940 3
2941 4
2942 1
2943 3
2944 9
2945 6
2946 1
2947 4
2948 1
2949 2
2950 7
2951 9
2952 1
2953 2
2954 1
2955 4
2956 4
2957 9
2958 3
2959 3
2960 2
2961 1
2962 6
2963 1
2964 10
2965 10
2966 9
2967 3
2968 7
2969 8
2970 10
2971 1
2972 9
2973 4
2974 10
2975 6
2976 6
2977 10
2978 1
2979 10
2980 2
2981 5
2982 4
2983 7
2984 10
2985 3
2986 9
2987 7
2988 4
2989 4
2990 1
2991 3
2992 8
2993 1
2994 6
2995 10
2996 4
2997 3
2998 9
2999 2
3000 7
3001 10
3002 1
3003 8
3004 7
3005 8
3006 3
3007 9
3008 3
3009 6
3010 3
3011 7
3012 1
3013 6
3014 6
3015 3
3016 4
3017 10
3018 1
3019 10
3020 7
3021 2
3022 1
3023 4
3024 6
3025 1
3026 4
3027 1
3028 5
3029 1
3030 2
3031 2
3032 4
3033 9
3034 8
3035 6
3036 4
3037 7
3038 4
3039 6
3040 10
3041 2
3042 6
3043 7
3044 7
3045 10
3046 6
3047 8
3048 7
3049 10
3050 5
3051 3
3052 5
3053 9
3054 5
3055 5
3056 1
3057 5
3058 2
3059 2
3060 8
3061 3
3062 9
3063 2
3064 1
3065 8
3066 5
3067 6
3068 1
3069 2
3070 2
3071 9
3072 3
3073 2
3074 2
3075 3
3076 9
3077 9
3078 10
3079 3
3080 8
3081 7
3082 7
3083 2
3084 4
3085 4
3086 2
3087 5
3088 5
3089 3
3090 3
3091 6
3092 9
3093 8
3094 2
3095 2
3096 5
3097 5
3098 8
3099 2
3100 5
3101 4
3102 10
3103 5
3104 3
3105 3
3106 7
3107 5
3108 2
3109 6
3110 5
3111 6
3112 5
3113 10
3114 10
3115 5
3116 10
3117 1
3118 10
3119 10
3120 9
3121 5
3122 2
3123 4
3124 4
3125 6
3126 10
3127 3
3128 8
3129 10
3130 4
3131 7
3132 7
3133 1
3134 1
3135 7
3136 5
3137 8
3138 2
3139 4
3140 9
3141 3
3142 10
3143 6
3144 4
3145 5
3146 4
3147 9
3148 10
3149 8
3150 8
3151 9
3152 6
3153 6
3154 6
3155 4
3156 7
3157 6
3158 10
3159 2
3160 2
3161 10
3162 8
3163 4
3164 7
3165 7
3166 10
3167 9
3168 3
3169 7
3170 8
3171 7
3172 8
3173 8
3174 4
3175 7
3176 6
3177 9
3178 3
3179 2
3180 4
3181 7
3182 8
3183 5
3184 9
3185 7
3186 5
3187 5
3188 2
3189 5
3190 10
3191 7
3192 3
3193 10
3194 3
3195 8
3196 1
3197 2
3198 8
3199 5
3200 6
3201 7
3202 7
3203 6
3204 9
3205 5
3206 3
3207 7
3208 8
3209 6
3210 1
3211 2
3212 7
3213 2
3214 3
3215 10
3216 8
3217 9
3218 9
3219 7
3220 3
3221 4
3222 5
3223 4
3224 6
3225 1
3226 6
3227 7
3228 4
3229 5
3230 7
3231 6
3232 7
3233 2
3234 9
3235 1
3236 2
3237 3
3238 5
3239 5
3240 3
3241 5
3242 2
3243 8
3244 2
3245 9
3246 6
3247 9
3248 4
3249 2
3250 1
3251 10
3252 5
3253 9
3254 4
3255 6
3256 10
3257 3
3258 8
3259 3
3260 2
3261 7
3262 7
3263 5
3264 2
3265 7
3266 5
3267 2
3268 10
3269 3
3270 9
3271 10
3272 6
3273 6
3274 9
3275 4
3276 1
3277 5
3278 1
3279 9
3280 8
3281 10
3282 9
3283 10
3284 9
3285 10
3286 10
3287 5
3288 9
3289 9
3290 7
3291 7
3292 6
3293 6
3294 10
3295 4
3296 8
3297 7
3298 7
3299 6
3300 8
3301 9
3302 10
3303 6
3304 5
3305 6
3306 3
3307 8
3308 6
3309 8
3310 3
3311 10
3312 7
3313 2
3314 4
3315 2
3316 4
3317 1
3318 4
3319 2
3320 9
3321 9
3322 8
3323 2
3324 5
3325 8
3326 3
3327 4
3328 2
3329 3
3330 1
3331 8
3332 8
3333 4
3334 5
3335 1
3336 4
3337 6
3338 4
3339 1
3340 5
3341 7
3342 2
3343 7
3344 3
3345 2
3346 2
3347 2
3348 10
3349 3
3350 9
3351 1
3352 3
3353 7
3354 5
3355 1
3356 1
3357 8
3358 1
3359 9
3360 10
3361 6
3362 6
3363 8
3364 6
3365 10
3366 10
3367 7
3368 5
3369 9
3370 8
3371 6
3372 8
3373 6
3374 7
3375 7
3376 7
3377 8
3378 8
3379 3
3380 9
3381 7
3382 9
3383 5
3384 2
3385 3
3386 5
3387 7
3388 7
3389 3
3390 9
3391 3
3392 6
3393 10
3394 8
3395 9
3396 1
3397 1
3398 1
3399 2
3400 4
3401 10
3402 10
3403 1
3404 6
3405 4
3406 5
3407 7
3408 1
3409 4
3410 10
3411 6
3412 10
3413 4
3414 8
3415 7
3416 3
3417 5
3418 10
3419 6
3420 1
3421 8
3422 10
3423 1
3424 6
3425 2
3426 8
3427 3
3428 3
3429 9
3430 8
3431 6
3432 1
3433 5
3434 9
3435 4
3436 5
3437 10
3438 3
3439 2
3440 2
3441 3
3442 9
3443 8
3444 7
3445 2
3446 6
3447 8
3448 6
3449 4
3450 6
3451 10
3452 4
3453 8
3454 1
3455 6
3456 7
3457 3
3458 5
3459 8
3460 3
3461 1
3462 2
3463 5
3464 7
3465 10
3466 2
3467 1
3468 10
3469 9
3470 5
3471 5
3472 10
3473 6
3474 7
3475 6
3476 3
3477 3
3478 8
3479 5
3480 1
3481 1
3482 4
3483 7
3484 10
3485 4
3486 8
3487 3
3488 9
3489 1
3490 1
3491 10
3492 2
3493 8
3494 6
3495 8
3496 7
3497 9
3498 7
3499 9
3500 9
3501 1
3502 6
3503 5
3504 7
3505 1
3506 6
3507 6
3508 4
3509 10
3510 10
3511 10
3512 10
3513 10
3514 9
3515 2
3516 3
3517 2
3518 3
3519 3
3520 6
3521 6
3522 1
3523 9
3524 10
3525 4
3526 9
3527 1
3528 9
3529 7
3530 2
3531 4
3532 7
3533 6
3534 5
3535 8
3536 9
3537 6
3538 7
3539 7
3540 4
3541 5
3542 2
3543 10
3544 7
3545 7
3546 6
3547 1
3548 6
3549 10
3550 7
3551 8
3552 9
3553 10
3554 1
3555 1
3556 5
3557 3
3558 5
3559 10
3560 2
3561 9
3562 2
3563 10
3564 4
3565 4
3566 4
3567 1
3568 6
3569 3
3570 3
3571 6
3572 5
3573 9
3574 5
3575 7
3576 9
3577 8
3578 1
3579 10
3580 9
3581 7
3582 2
3583 7
3584 2
3585 8
3586 1
3587 3
3588 8
3589 1
3590 9
3591 4
3592 8
3593 5
3594 3
3595 6
3596 5
3597 4
3598 7
3599 10
3600 10
3601 3
3602 10
3603 9
3604 2
3605 3
3606 6
3607 1
3608 6
3609 6
3610 4
3611 1
3612 9
3613 9
3614 9
3615 2
3616 10
3617 7
3618 3
3619 9
3620 1
3621 8
3622 1
3623 7
3624 8
3625 10
3626 3
3627 9
3628 9
3629 2
3630 1
3631 1
3632 3
3633 9
3634 5
3635 8
3636 2
3637 3
3638 3
3639 8
3640 1
3641 2
3642 7
3643 4
3644 2
3645 3
3646 3
3647 9
3648 2
3649 10
3650 8
3651 7
3652 4
3653 9
3654 6
3655 7
3656 6
3657 2
3658 6
3659 8
3660 8
3661 6
3662 2
3663 1
3664 4
3665 8
3666 8
3667 9
3668 4
3669 8
3670 10
3671 6
3672 2
3673 4
3674 7
3675 5
3676 3
3677 3
3678 9
3679 2
3680 4
3681 6
3682 1
3683 4
3684 6
3685 5
3686 7
3687 9
3688 9
3689 4
3690 10
3691 3
3692 10
3693 7
3694 3
3695 7
3696 10
3697 1
3698 10
3699 4
3700 9
3701 3
3702 4
3703 2
3704 10
3705 9
3706 4
3707 8
3708 9
3709 6
3710 7
3711 8
3712 1
3713 6
3714 6
3715 7
3716 1
3717 1
3718 8
3719 1
3720 9
3721 10
3722 3
3723 10
3724 1
3725 6
3726 1
3727 5
3728 6
3729 6
3730 7
3731 5
3732 1
3733 5
3734 7
3735 9
3736 5
3737 2
3738 5
3739 6
3740 6
3741 10
3742 1
3743 3
3744 4
3745 6
3746 7
3747 2
3748 5
3749 8
3750 1
3751 8
3752 9
3753 1
3754 2
3755 10
3756 6
3757 6
3758 1
3759 3
3760 10
3761 5
3762 2
3763 6
3764 8
3765 4
3766 8
3767 8
3768 6
3769 7
3770 7
3771 3
3772 3
3773 1
3774 2
3775 2
3776 2
3777 9
3778 6
3779 8
3780 10
3781 6
3782 3
3783 1
3784 6
3785 4
3786 5
3787 6
3788 3
3789 10
3790 1
3791 5
3792 2
3793 5
3794 7
3795 7
3796 5
3797 6
3798 7
3799 3
3800 5
3801 8
3802 4
3803 7
3804 10
3805 2
3806 3
3807 9
3808 3
3809 8
3810 1
3811 6
3812 1
3813 6
3814 1
3815 1
3816 4
3817 9
3818 8
3819 7
3820 2
3821 9
3822 9
3823 9
3824 4
3825 4
3826 9
3827 2
3828 10
3829 5
3830 5
3831 4
3832 3
3833 4
3834 5
3835 9
3836 4
3837 2
3838 1
3839 9
3840 6
3841 6
3842 8
3843 5
3844 7
3845 2
3846 4
3847 3
3848 1
3849 10
3850 6
3851 3
3852 3
3853 7
3854 2
3855 8
3856 1
3857 9
3858 3
3859 3
3860 3
3861 6
3862 2
3863 10
3864 7
3865 2
3866 6
3867 10
3868 1
3869 1
3870 4
3871 8
3872 10
3873 7
3874 5
3875 4
3876 8
3877 8
3878 9
3879 10
3880 2
3881 10
3882 9
3883 8
3884 8
3885 9
3886 8
3887 10
3888 5
3889 3
3890 1
3891 5
3892 9
3893 10
3894 4
3895 8
3896 2
3897 8
3898 3
3899 1
3900 8
3901 6
3902 8
3903 9
3904 5
3905 3
3906 4
3907 2
3908 4
3909 5
3910 2
3911 7
3912 4
3913 7
3914 8
3915 4
3916 8
3917 6
3918 2
3919 3
3920 5
3921 10
3922 4
3923 7
3924 2
3925 8
3926 2
3927 7
3928 9
3929 8
3930 1
3931 3
3932 1
3933 3
3934 8
3935 1
3936 10
3937 3
3938 8
3939 2
3940 6
3941 10
3942 7
3943 6
3944 4
3945 3
3946 6
3947 2
3948 4
3949 6
3950 2
3951 7
3952 5
3953 6
3954 6
3955 2
3956 6
3957 7
3958 5
3959 5
3960 9
3961 8
3962 1
3963 7
3964 1
3965 6
3966 2
3967 1
3968 9
3969 4
3970 3
3971 9
3972 1
3973 2
3974 5
3975 8
3976 7
3977 6
3978 7
3979 8
3980 4
3981 4
3982 10
3983 8
3984 8
3985 3
3986 4
3987 8
3988 4
3989 4
3990 8
3991 8
3992 3
3993 6
3994 10
3995 8
3996 6
3997 6
3998 8
3999 9
4000 3
4001 4
4002 1
4003 5
4004 8
4005 4
4006 3
4007 4
4008 4
4009 2
4010 2
4011 1
4012 10
4013 8
4014 2
4015 10
4016 8
4017 9
4018 4
4019 7
4020 7
4021 1
4022 7
4023 8
4024 7
4025 8
4026 9
4027 4
4028 4
4029 5
4030 1
4031 3
4032 9
4033 7
4034 7
4035 10
4036 5
4037 1
4038 10
4039 8
4040 10
4041 7
4042 8
4043 10
4044 5
4045 4
4046 6
4047 9
4048 10
4049 8
4050 2
4051 5
4052 3
4053 4
4054 10
4055 4
4056 3
4057 5
4058 7
4059 2
4060 9
4061 7
4062 3
4063 2
4064 10
4065 2
4066 5
4067 9
4068 3
4069 6
4070 5
4071 2
4072 6
4073 7
4074 2
4075 7
4076 9
4077 8
4078 5
4079 9
4080 9
4081 10
4082 4
4083 8
4084 5
4085 9
4086 2
4087 10
4088 7
4089 4
4090 8
4091 1
4092 8
4093 7
4094 1
4095 5
4096 2
4097 5
4098 5
4099 10
4100 10
4101 4
4102 3
4103 4
4104 9
4105 9
4106 9
4107 5
4108 7
4109 3
4110 10
4111 8
4112 2
4113 2
4114 3
4115 9
4116 9
4117 9
4118 4
4119 10
4120 2
4121 9
4122 8
4123 8
4124 5
4125 5
4126 5
4127 6
4128 8
4129 1
4130 1
4131 1
4132 4
4133 3
4134 7
4135 7
4136 2
4137 8
4138 1
4139 9
4140 6
4141 9
4142 2
4143 10
4144 4
4145 3
4146 8
4147 3
4148 7
4149 2
4150 10
4151 6
4152 5
4153 8
4154 2
4155 1
4156 1
4157 9
4158 6
4159 2
4160 1
4161 9
4162 10
4163 3
4164 6
4165 3
4166 6
4167 3
4168 1
4169 6
4170 10
4171 9
4172 4
4173 7
4174 5
4175 10
4176 2
4177 1
4178 8
4179 7
4180 4
4181 10
4182 10
4183 5
4184 4
4185 2
4186 8
4187 1
4188 1
4189 8
4190 9
4191 2
4192 1
4193 4
4194 1
4195 7
4196 10
4197 3
4198 6
4199 6
4200 4
4201 4
4202 9
4203 5
4204 8
4205 8
4206 2
4207 6
4208 10
4209 3
4210 6
4211 9
4212 2
4213 5
4214 6
4215 10
4216 7
4217 2
4218 8
4219 3
4220 1
4221 9
4222 1
4223 7
4224 5
4225 3
4226 6
4227 1
4228 6
4229 10
4230 3
4231 2
4232 7
4233 7
4234 3
4235 5
4236 9
4237 5
4238 2
4239 9
4240 9
4241 7
4242 4
4243 1
4244 6
4245 4
4246 7
4247 6
4248 9
4249 2
4250 9
4251 8
4252 3
4253 7
4254 4
4255 9
4256 1
4257 2
4258 10
4259 4
4260 7
4261 8
4262 3
4263 10
4264 9
4265 4
4266 6
4267 4
4268 6
4269 8
4270 1
4271 8
4272 8
4273 5
4274 1
4275 10
4276 9
4277 4
4278 5
4279 3
4280 3
4281 7
4282 4
4283 5
4284 4
4285 9
4286 8
4287 3
4288 6
4289 2
4290 6
4291 8
4292 7
4293 1
4294 6
4295 7
4296 8
4297 10
4298 4
4299 1
4300 6
4301 10
4302 7
4303 3
4304 9
4305 4
4306 5
4307 8
4308 5
4309 7
4310 9
4311 10
4312 3
4313 1
4314 3
4315 2
4316 1
4317 4
4318 5
4319 1
4320 2
4321 3
4322 3
4323 5
4324 5
4325 9
4326 3
4327 4
4328 8
4329 9
4330 8
4331 9
4332 10
4333 7
4334 10
4335 3
4336 1
4337 2
4338 7
4339 3
4340 1
4341 5
4342 3
4343 10
4344 6
4345 2
4346 2
4347 8
4348 5
4349 10
4350 10
4351 8
4352 8
4353 10
4354 6
4355 6
4356 7
4357 6
4358 6
4359 6
4360 5
4361 3
4362 1
4363 7
4364 2
4365 10
4366 7
4367 1
4368 3
4369 10
4370 2
4371 4
4372 1
4373 5
4374 7
4375 8
4376 7
4377 10
4378 6
4379 6
4380 7
4381 10
4382 10
4383 4
4384 3
4385 4
4386 6
4387 4
4388 1
4389 6
4390 7
4391 5
4392 7
4393 5
4394 10
4395 10
4396 10
4397 9
4398 9
4399 10
4400 2
4401 10
4402 3
4403 1
4404 4
4405 2
4406 10
4407 7
4408 2
4409 1
4410 7
4411 9
4412 1
4413 5
4414 9
4415 5
4416 4
4417 9
4418 6
4419 3
4420 1
4421 7
4422 4
4423 2
4424 5
4425 10
4426 5
4427 7
4428 1
4429 8
4430 1
4431 1
4432 7
4433 9
4434 1
4435 5
4436 5
4437 8
4438 1
4439 7
4440 8
4441 3
4442 8
4443 3
4444 2
4445 5
4446 2
4447 4
4448 4
4449 8
4450 10
4451 2
4452 1
4453 2
4454 10
4455 1
4456 7
4457 8
4458 4
4459 6
4460 2
4461 8
4462 6
4463 10
4464 1
4465 1
4466 5
4467 4
4468 6
4469 2
4470 7
4471 3
4472 1
4473 8
4474 8
4475 2
4476 6
4477 7
4478 7
4479 5
4480 1
4481 6
4482 6
4483 8
4484 5
4485 7
4486 4
4487 8
4488 4
4489 1
4490 2
4491 1
4492 3
4493 4
4494 3
4495 10
4496 2
4497 4
4498 9
4499 2
4500 5
4501 2
4502 9
4503 2
4504 1
4505 5
4506 1
4507 1
4508 4
4509 10
4510 2
4511 6
4512 3
4513 4
4514 6
4515 6
4516 3
4517 7
4518 2
4519 3
4520 4
4521 3
4522 6
4523 1
4524 2
4525 7
4526 4
4527 4
4528 8
4529 4
4530 6
4531 1
4532 8
4533 7
4534 10
4535 1
4536 7
4537 4
4538 7
4539 3
4540 5
4541 9
4542 9
4543 5
4544 7
4545 1
4546 8
4547 3
4548 5
4549 3
4550 6
4551 6
4552 5
4553 8
4554 10
4555 6
4556 4
4557 10
4558 7
4559 7
4560 6
4561 2
4562 8
4563 2
4564 5
4565 2
4566 6
4567 2
4568 5
4569 2
4570 4
4571 6
4572 1
4573 4
4574 3
4575 10
4576 2
4577 7
4578 10
4579 3
4580 8
4581 8
4582 1
4583 1
4584 7
4585 10
4586 3
4587 2
4588 8
4589 7
4590 9
4591 4
4592 9
4593 10
4594 10
4595 5
4596 8
4597 8
4598 6
4599 3
4600 8
4601 9
4602 2
4603 9
4604 5
4605 10
4606 7
4607 3
4608 3
4609 2
4610 1
4611 9
4612 6
4613 10
4614 3
4615 5
4616 8
4617 3
4618 5
4619 5
4620 6
4621 1
4622 2
4623 7
4624 2
4625 1
4626 9
4627 4
4628 7
4629 5
4630 5
4631 7
4632 8
4633 5
4634 6
4635 3
4636 6
4637 2
4638 6
4639 1
4640 6
4641 9
4642 9
4643 2
4644 10
4645 6
4646 8
4647 5
4648 7
4649 5
4650 9
4651 5
4652 2
4653 6
4654 1
4655 5
4656 3
4657 4
4658 5
4659 8
4660 2
4661 6
4662 8
4663 3
4664 7
4665 8
4666 3
4667 7
4668 3
4669 4
4670 7
4671 5
4672 3
4673 9
4674 3
4675 4
4676 3
4677 5
4678 2
4679 5
4680 2
4681 5
4682 3
4683 10
4684 2
4685 6
4686 1
4687 5
4688 2
4689 2
4690 2
4691 6
4692 6
4693 4
4694 8
4695 8
4696 4
4697 2
4698 5
4699 10
4700 4
4701 10
4702 8
4703 2
4704 8
4705 2
4706 5
4707 9
4708 5
4709 2
4710 2
4711 7
4712 3
4713 4
4714 2
4715 8
4716 10
4717 10
4718 2
4719 5
4720 3
4721 8
4722 1
4723 6
4724 6
4725 6
4726 2
4727 6
4728 10
4729 4
4730 7
4731 1
4732 8
4733 7
4734 4
4735 9
4736 3
4737 5
4738 9
4739 8
4740 4
4741 5
4742 6
4743 3
4744 7
4745 2
4746 9
4747 6
4748 9
4749 9
4750 10
4751 4
4752 2
4753 2
4754 4
4755 5
4756 8
4757 9
4758 8
4759 3
4760 7
4761 2
4762 3
4763 2
4764 4
4765 7
4766 2
4767 9
4768 6
4769 9
4770 4
4771 9
4772 4
4773 10
4774 9
4775 8
4776 8
4777 5
4778 6
4779 1
4780 7
4781 9
4782 1
4783 9
4784 6
4785 3
4786 6
4787 9
4788 6
4789 9
4790 7
4791 6
4792 3
4793 5
4794 6
4795 7
4796 8
4797 5
4798 9
4799 6
4800 4
4801 10
4802 5
4803 7
4804 3
4805 6
4806 4
4807 1
4808 9
4809 2
4810 9
4811 5
4812 3
4813 10
4814 1
4815 3
4816 8
4817 5
4818 3
4819 3
4820 3
4821 9
4822 6
4823 6
4824 4
4825 6
4826 5
4827 1
4828 10
4829 1
4830 10
4831 3
4832 3
4833 1
4834 5
4835 6
4836 8
4837 8
4838 1
4839 3
4840 6
4841 2
4842 10
4843 4
4844 10
4845 1
4846 7
4847 6
4848 7
4849 10
4850 6
4851 4
4852 9
4853 8
4854 7
4855 5
4856 1
4857 6
4858 6
4859 7
4860 5
4861 1
4862 9
4863 1
4864 8
4865 3
4866 3
4867 5
4868 2
4869 1
4870 5
4871 1
4872 5
4873 7
4874 10
4875 3
4876 7
4877 8
4878 8
4879 8
4880 1
4881 9
4882 6
4883 4
4884 1
4885 9
4886 1
4887 5
4888 6
4889 3
4890 4
4891 9
4892 1
4893 6
4894 8
4895 2
4896 10
4897 5
4898 2
4899 1
4900 6
4901 1
4902 8
4903 2
4904 1
4905 5
4906 6
4907 2
4908 2
4909 10
4910 1
4911 3
4912 1
4913 1
4914 8
4915 1
4916 9
4917 4
4918 3
4919 9
4920 2
4921 3
4922 10
4923 1
4924 3
4925 5
4926 9
4927 9
4928 6
4929 3
4930 9
4931 6
4932 8
4933 6
4934 1
4935 1
4936 1
4937 8
4938 9
4939 1
4940 5
4941 6
4942 2
4943 2
4944 1
4945 2
4946 9
4947 7
4948 8
4949 9
4950 4
4951 7
4952 8
4953 9
4954 8
4955 7
4956 9
4957 2
4958 2
4959 4
4960 3
4961 9
4962 3
4963 9
4964 9
4965 8
4966 7
4967 9
4968 4
4969 8
4970 7
4971 5
4972 4
4973 3
4974 1
4975 8
4976 4
4977 1
4978 8
4979 3
4980 3
4981 7
4982 8
4983 6
4984 3
4985 2
4986 7
4987 6
4988 9
4989 9
4990 4
4991 8
4992 7
4993 9
4994 5
4995 7
4996 4
4997 10
4998 8
4999 10
5000 4
5001 2
5002 3
5003 1
5004 7
5005 1
5006 9
5007 3
5008 7
5009 2
5010 8
5011 7
5012 9
5013 7
5014 7
5015 9
5016 6
5017 3
5018 2
5019 7
5020 3
5021 9
5022 6
5023 10
5024 8
5025 7
5026 3
5027 8
5028 4
5029 6
5030 2
5031 3
5032 3
5033 3
5034 8
5035 8
5036 3
5037 1
5038 6
5039 2
5040 4
5041 7
5042 1
5043 5
5044 10
5045 1
5046 2
5047 6
5048 4
5049 8
5050 2
5051 8
5052 9
5053 9
5054 1
5055 8
5056 10
5057 2
5058 8
5059 2
5060 4
5061 1
5062 3
5063 10
5064 9
5065 1
5066 6
5067 4
5068 5
5069 10
5070 1
5071 2
5072 5
5073 7
5074 9
5075 6
5076 7
5077 3
5078 1
5079 5
5080 5
5081 6
5082 7
5083 4
5084 5
5085 10
5086 9
5087 6
5088 3
5089 8
5090 10
5091 6
5092 9
5093 4
5094 8
5095 6
5096 5
5097 6
5098 4
5099 4
5100 1
5101 3
5102 9
5103 4
5104 7
5105 9
5106 6
5107 7
5108 5
5109 5
5110 1
5111 5
5112 7
5113 1
5114 7
5115 4
5116 8
5117 7
5118 3
5119 9
5120 6
5121 9
5122 8
5123 3
5124 4
5125 5
5126 8
5127 1
5128 6
5129 2
5130 5
5131 7
5132 7
5133 9
5134 4
5135 1
5136 1
5137 5
5138 10
5139 2
5140 5
5141 3
5142 8
5143 5
5144 10
5145 10
5146 10
5147 6
5148 6
5149 3
5150 2
5151 9
5152 9
5153 9
5154 10
5155 7
5156 3
5157 4
5158 6
5159 9
5160 4
5161 4
5162 4
5163 6
5164 8
5165 5
5166 9
5167 1
5168 4
5169 6
5170 9
5171 10
5172 2
5173 8
5174 7
5175 7
5176 3
5177 4
5178 2
5179 3
5180 9
5181 4
5182 5
5183 7
5184 3
5185 4
5186 4
5187 4
5188 4
5189 3
5190 6
5191 10
5192 1
5193 10
5194 9
5195 3
5196 4
5197 1
5198 2
5199 9
5200 10
5201 10
5202 8
5203 5
5204 3
5205 9
5206 1
5207 8
5208 3
5209 3
5210 8
5211 4
5212 9
5213 5
5214 4
5215 6
5216 2
5217 2
5218 3
5219 5
5220 5
5221 7
5222 6
5223 3
5224 2
5225 3
5226 6
5227 1
5228 2
5229 10
5230 10
5231 3
5232 4
5233 3
5234 10
5235 5
5236 9
5237 7
5238 8
5239 7
5240 1
5241 4
5242 2
5243 4
5244 3
5245 4
5246 6
5247 5
5248 2
5249 4
5250 9
5251 4
5252 5
5253 10
5254 8
5255 8
5256 5
5257 10
5258 9
5259 6
5260 4
5261 2
5262 4
5263 1
5264 4
5265 7
5266 3
5267 5
5268 5
5269 2
5270 7
5271 5
5272 1
5273 8
5274 2
5275 10
5276 8
5277 4
5278 1
5279 7
5280 7
5281 4
5282 6
5283 1
5284 3
5285 10
5286 9
5287 3
5288 3
5289 9
5290 5
5291 3
5292 9
5293 3
5294 7
5295 4
5296 3
5297 9
5298 7
5299 5
5300 2
5301 6
5302 8
5303 5
5304 8
5305 4
5306 2
5307 3
5308 2
5309 6
5310 9
5311 10
5312 3
5313 9
5314 5
5315 10
5316 4
5317 2
5318 6
5319 8
5320 7
5321 2
5322 9
5323 1
5324 8
5325 10
5326 9
5327 8
5328 9
5329 7
5330 6
5331 10
5332 8
5333 10
5334 2
5335 6
5336 5
5337 4
5338 3
5339 4
5340 10
5341 1
5342 2
5343 2
5344 8
5345 7
5346 4
5347 5
5348 1
5349 6
5350 3
5351 9
5352 8
5353 8
5354 5
5355 3
5356 1
5357 1
5358 6
5359 8
5360 4
5361 7
5362 3
5363 5
5364 6
5365 4
5366 1
5367 8
5368 5
5369 7
5370 4
5371 10
5372 3
5373 7
5374 3
5375 8
5376 10
5377 6
5378 7
5379 8
5380 10
5381 2
5382 9
5383 6
5384 3
5385 1
5386 8
5387 2
5388 6
5389 4
5390 8
5391 10
5392 7
5393 9
5394 9
5395 4
5396 4
5397 2
5398 6
5399 5
5400 3
5401 8
5402 10
5403 2
5404 10
5405 5
5406 2
5407 8
5408 7
5409 6
5410 5
5411 9
5412 7
5413 1
5414 8
5415 2
5416 7
5417 6
5418 7
5419 6
5420 1
5421 7
5422 5
5423 7
5424 8
5425 9
5426 1
5427 5
5428 1
5429 2
5430 4
5431 2
5432 8
5433 8
5434 7
5435 8
5436 8
5437 3
5438 1
5439 4
5440 6
5441 1
5442 1
5443 7
5444 6
5445 2
5446 8
5447 10
5448 5
5449 3
5450 4
5451 8
5452 10
5453 9
5454 5
5455 9
5456 4
5457 6
5458 7
5459 6
5460 5
5461 10
5462 10
5463 10
5464 9
5465 8
5466 1
5467 6
5468 1
5469 4
5470 8
5471 7
5472 6
5473 1
5474 9
5475 8
5476 9
5477 10
5478 2
5479 2
5480 1
5481 1
5482 10
5483 1
5484 8
5485 4
5486 7
5487 8
5488 3
5489 5
5490 8
5491 10
5492 8
5493 1
5494 5
5495 5
5496 7
5497 8
5498 2
5499 2
5500 5
5501 6
5502 10
5503 1
5504 7
5505 4
5506 8
5507 4
5508 1
5509 8
5510 2
5511 10
5512 3
5513 5
5514 3
5515 1
5516 1
5517 8
5518 8
5519 1
5520 3
5521 3
5522 8
5523 5
5524 1
5525 3
5526 9
5527 3
5528 2
5529 5
5530 9
5531 7
5532 4
5533 9
5534 7
5535 5
5536 6
5537 3
5538 1
5539 6
5540 9
5541 9
5542 5
5543 7
5544 2
5545 10
5546 5
5547 6
5548 1
5549 7
5550 6
5551 4
5552 7
5553 1
5554 1
5555 1
5556 3
5557 9
5558 9
5559 2
5560 1
5561 5
5562 5
5563 2
5564 5
5565 3
5566 5
5567 5
5568 10
5569 9
5570 7
5571 3
5572 7
5573 6
5574 4
5575 6
5576 5
5577 9
5578 2
5579 5
5580 6
5581 4
5582 4
5583 1
5584 1
5585 4
5586 10
5587 10
5588 6
5589 8
5590 1
5591 10
5592 1
5593 9
5594 2
5595 8
5596 4
5597 4
5598 8
5599 7
5600 7
5601 8
5602 4
5603 5
5604 9
5605 6
5606 7
5607 8
5608 10
5609 5
5610 7
5611 8
5612 9
5613 5
5614 9
5615 6
5616 5
5617 6
5618 3
5619 5
5620 4
5621 1
5622 9
5623 5
5624 1
5625 8
5626 5
5627 8
5628 7
5629 10
5630 4
5631 5
5632 6
5633 7
5634 6
5635 8
5636 2
5637 6
5638 3
5639 1
5640 7
5641 5
5642 6
5643 4
5644 9
5645 3
5646 10
5647 4
5648 4
5649 9
5650 8
5651 6
5652 4
5653 7
5654 6
5655 9
5656 7
5657 10
5658 3
5659 9
5660 1
5661 6
5662 9
5663 10
5664 1
5665 1
5666 10
5667 4
5668 6
5669 9
5670 9
5671 3
5672 8
5673 2
5674 5
5675 7
5676 1
5677 5
5678 8
5679 9
5680 3
5681 1
5682 8
5683 3
5684 5
5685 5
5686 7
5687 6
5688 6
5689 10
5690 7
5691 1
5692 3
5693 5
5694 3
5695 1
5696 8
5697 3
5698 10
5699 10
5700 8
5701 2
5702 6
5703 4
5704 5
5705 5
5706 9
5707 10
5708 10
5709 1
5710 8
5711 8
5712 2
5713 7
5714 9
5715 7
5716 9
5717 2
5718 10
5719 10
5720 2
5721 7
5722 6
5723 5
5724 8
5725 6
5726 9
5727 3
5728 10
5729 1
5730 9
5731 1
5732 6
5733 1
5734 4
5735 4
5736 8
5737 2
5738 7
5739 10
5740 2
5741 2
5742 8
5743 9
5744 4
5745 6
5746 5
5747 8
5748 2
5749 8
5750 3
5751 4
5752 3
5753 1
5754 8
5755 6
5756 4
5757 2
5758 5
5759 8
5760 2
5761 1
5762 4
5763 6
5764 4
5765 6
5766 4
5767 6
5768 10
5769 1
5770 6
5771 7
5772 8
5773 7
5774 3
5775 7
5776 5
5777 8
5778 1
5779 4
5780 1
5781 9
5782 2
5783 7
5784 5
5785 9
5786 5
5787 4
5788 9
5789 5
5790 1
5791 2
5792 5
5793 7
5794 9
5795 10
5796 6
5797 1
5798 5
5799 9
5800 6
5801 2
5802 8
5803 2
5804 2
5805 9
5806 8
5807 4
5808 10
5809 9
5810 6
5811 10
5812 9
5813 10
5814 7
5815 1
5816 4
5817 9
5818 5
5819 5
5820 5
5821 10
5822 8
5823 10
5824 8
5825 8
5826 1
5827 3
5828 5
5829 3
5830 5
5831 8
5832 6
5833 5
5834 2
5835 4
5836 9
5837 8
5838 8
5839 4
5840 6
5841 2
5842 10
5843 3
5844 8
5845 9
5846 5
5847 4
5848 2
5849 8
5850 5
5851 6
5852 6
5853 6
5854 8
5855 5
5856 10
5857 7
5858 8
5859 9
5860 6
5861 10
5862 10
5863 5
5864 7
5865 9
5866 7
5867 10
5868 9
5869 9
5870 1
5871 9
5872 8
5873 2
5874 8
5875 9
5876 10
5877 6
5878 8
5879 10
5880 7
5881 4
5882 6
5883 10
5884 1
5885 2
5886 8
5887 2
5888 10
5889 3
5890 3
5891 1
5892 10
5893 10
5894 7
5895 7
5896 4
5897 4
5898 3
5899 9
5900 9
5901 3
5902 4
5903 5
5904 9
5905 10
5906 5
5907 6
5908 3
5909 8
5910 6
5911 4
5912 7
5913 3
5914 10
5915 8
5916 2
5917 3
5918 5
5919 1
5920 10
5921 1
5922 3
5923 8
5924 10
5925 9
5926 5
5927 8
5928 2
5929 3
5930 3
5931 7
5932 2
5933 9
5934 6
5935 4
5936 9
5937 8
5938 1
5939 6
5940 9
5941 5
5942 6
5943 6
5944 4
5945 2
5946 7
5947 6
5948 1
5949 9
5950 8
5951 3
5952 3
5953 3
5954 3
5955 5
5956 8
5957 1
5958 1
5959 9
5960 5
5961 1
5962 4
5963 2
5964 8
5965 8
5966 4
5967 8
5968 4
5969 7
5970 8
5971 4
5972 1
5973 10
5974 10
5975 5
5976 4
5977 2
5978 7
5979 6
5980 9
5981 3
5982 1
5983 2
5984 10
5985 9
5986 3
5987 7
5988 8
5989 6
5990 2
5991 3
5992 8
5993 2
5994 4
5995 10
5996 1
5997 4
5998 7
5999 4
6000 8
6001 4
6002 1
6003 9
6004 1
6005 9
6006 1
6007 1
6008 6
6009 7
6010 8
6011 3
6012 4
6013 3
6014 8
6015 7
6016 1
6017 6
6018 2
6019 7
6020 2
6021 10
6022 9
6023 8
6024 1
6025 1
6026 3
6027 4
6028 10
6029 1
6030 10
6031 10
6032 2
6033 5
6034 9
6035 9
6036 1
6037 5
6038 4
6039 10
6040 4
6041 1
6042 3
6043 7
6044 10
6045 6
6046 8
6047 2
6048 10
6049 4
6050 3
6051 10
6052 2
6053 9
6054 4
6055 8
6056 2
6057 9
6058 1
6059 10
6060 10
6061 5
6062 3
6063 2
6064 10
6065 2
6066 9
6067 3
6068 3
6069 10
6070 1
6071 10
6072 7
6073 2
6074 10
6075 1
6076 3
6077 1
6078 9
6079 9
6080 9
6081 10
6082 4
6083 5
6084 3
6085 4
6086 10
6087 4
6088 5
6089 8
6090 10
6091 5
6092 5
6093 3
6094 7
6095 9
6096 8
6097 6
6098 10
6099 7
6100 5
6101 6
6102 3
6103 2
6104 10
6105 6
6106 7
6107 5
6108 6
6109 1
6110 8
6111 3
6112 9
6113 7
6114 2
6115 10
6116 1
6117 4
6118 9
6119 4
6120 8
6121 1
6122 7
6123 8
6124 9
6125 9
6126 9
6127 5
6128 1
6129 1
6130 2
6131 4
6132 1
6133 10
6134 8
6135 4
6136 1
6137 3
6138 5
6139 8
6140 5
6141 6
6142 7
6143 7
6144 9
6145 2
6146 10
6147 5
6148 1
6149 2
6150 2
6151 3
6152 7
6153 3
6154 5
6155 3
6156 3
6157 10
6158 6
6159 3
6160 10
6161 3
6162 10
6163 1
6164 9
6165 2
6166 5
6167 5
6168 10
6169 5
6170 9
6171 9
6172 2
6173 7
6174 1
6175 2
6176 2
6177 7
6178 7
6179 1
6180 8
6181 2
6182 8
6183 10
6184 7
6185 7
6186 6
6187 2
6188 7
6189 5
6190 5
6191 1
6192 9
6193 6
6194 1
6195 1
6196 2
6197 5
6198 3
6199 4
6200 6
6201 4
6202 7
6203 8
6204 9
6205 1
6206 8
6207 1
6208 7
6209 5
6210 5
6211 3
6212 1
6213 5
6214 10
6215 8
6216 2
6217 5
6218 1
6219 8
6220 4
6221 8
6222 5
6223 8
6224 1
6225 8
6226 6
6227 6
6228 1
6229 7
6230 8
6231 1
6232 6
6233 10
6234 3
6235 10
6236 1
6237 6
6238 7
6239 2
6240 3
6241 6
6242 7
6243 8
6244 1
6245 4
6246 3
6247 8
6248 1
6249 5
6250 5
6251 9
6252 10
6253 1
6254 9
6255 7
6256 3
6257 1
6258 6
6259 1
6260 10
6261 5
6262 9
6263 9
6264 2
6265 7
6266 2
6267 2
6268 8
6269 9
6270 6
6271 2
6272 6
6273 4
6274 2
6275 5
6276 8
6277 1
6278 9
6279 6
6280 3
6281 5
6282 3
6283 5
6284 9
6285 3
6286 10
6287 8
6288 8
6289 5
6290 8
6291 7
6292 8
6293 6
6294 3
6295 7
6296 7
6297 3
6298 3
6299 2
6300 10
6301 8
6302 3
6303 4
6304 4
6305 2
6306 4
6307 4
6308 5
6309 6
6310 4
6311 10
6312 9
6313 2
6314 3
6315 5
6316 9
6317 6
6318 4
6319 2
6320 3
6321 1
6322 10
6323 9
6324 3
6325 3
6326 2
6327 6
6328 1
6329 7
6330 1
6331 10
6332 9
6333 1
6334 6
6335 10
6336 3
6337 7
6338 10
6339 9
6340 6
6341 5
6342 5
6343 10
6344 8
6345 6
6346 1
6347 9
6348 6
6349 9
6350 8
6351 9
6352 4
6353 6
6354 5
6355 8
6356 6
6357 8
6358 1
6359 9
6360 6
6361 4
6362 8
6363 4
6364 5
6365 9
6366 8
6367 4
6368 6
6369 9
6370 8
6371 10
6372 10
6373 8
6374 4
6375 6
6376 10
6377 8
6378 2
6379 3
6380 8
6381 2
6382 2
6383 3
6384 6
6385 7
6386 4
6387 1
6388 9
6389 9
6390 7
6391 4
6392 8
6393 10
6394 5
6395 4
6396 3
6397 3
6398 2
6399 10
6400 4
6401 1
6402 4
6403 6
6404 6
6405 4
6406 1
6407 8
6408 4
6409 7
6410 4
6411 1
6412 8
6413 4
6414 2
6415 1
6416 5
6417 10
6418 10
6419 7
6420 3
6421 6
6422 8
6423 1
6424 2
6425 9
6426 10
6427 4
6428 7
6429 10
6430 6
6431 1
6432 8
6433 4
6434 5
6435 9
6436 3
6437 7
6438 10
6439 6
6440 3
6441 7
6442 7
6443 1
6444 4
6445 7
6446 1
6447 8
6448 5
6449 7
6450 8
6451 10
6452 4
6453 1
6454 5
6455 7
6456 4
6457 4
6458 10
6459 1
6460 8
6461 4
6462 6
6463 1
6464 8
6465 9
6466 6
6467 9
6468 8
6469 9
6470 10
6471 8
6472 2
6473 9
6474 7
6475 1
6476 5
6477 7
6478 4
6479 9
6480 4
6481 9
6482 7
6483 8
6484 5
6485 2
6486 9
6487 9
6488 10
6489 8
6490 3
6491 3
6492 7
6493 3
6494 9
6495 1
6496 9
6497 3
6498 10
6499 7
6500 9
6501 6
6502 5
6503 10
6504 6
6505 4
6506 8
6507 9
6508 7
6509 9
6510 6
6511 8
6512 3
6513 10
6514 6
6515 6
6516 9
6517 5
6518 7
6519 7
6520 8
6521 2
6522 5
6523 9
6524 3
6525 6
6526 3
6527 3
6528 3
6529 1
6530 8
6531 8
6532 4
6533 10
6534 8
6535 5
6536 3
6537 2
6538 9
6539 10
6540 2
6541 10
6542 10
6543 1
6544 8
6545 8
6546 3
6547 6
6548 10
6549 2
6550 5
6551 9
6552 1
6553 2
6554 6
6555 5
6556 9
6557 1
6558 10
6559 2
6560 5
6561 6
6562 3
6563 10
6564 6
6565 9
6566 7
6567 4
6568 6
6569 1
6570 7
6571 8
6572 2
6573 5
6574 1
6575 10
6576 9
6577 8
6578 2
6579 8
6580 7
6581 5
6582 7
6583 6
6584 10
6585 6
6586 3
6587 2
6588 6
6589 7
6590 6
6591 8
6592 5
6593 8
6594 5
6595 9
6596 2
6597 2
6598 7
6599 6
6600 4
6601 4
6602 2
6603 2
6604 2
6605 2
6606 9
6607 6
6608 3
6609 10
6610 7
6611 3
6612 7
6613 2
6614 6
6615 10
6616 3
6617 2
6618 2
6619 1
6620 9
6621 4
6622 1
6623 6
6624 7
6625 3
6626 4
6627 2
6628 4
6629 6
6630 10
6631 9
6632 5
6633 8
6634 1
6635 3
6636 8
6637 1
6638 8
6639 3
6640 3
6641 10
6642 7
6643 10
6644 6
6645 8
6646 5
6647 9
6648 9
6649 9
6650 2
6651 10
6652 8
6653 3
6654 2
6655 10
6656 5
6657 2
6658 5
6659 4
6660 4
6661 8
6662 5
6663 9
6664 3
6665 8
6666 3
6667 1
6668 4
6669 8
6670 4
6671 8
6672 6
6673 9
6674 4
6675 3
6676 6
6677 9
6678 2
6679 5
6680 3
6681 7
6682 8
6683 4
6684 10
6685 8
6686 8
6687 8
6688 1
6689 4
6690 9
6691 10
6692 7
6693 10
6694 3
6695 9
6696 10
6697 9
6698 1
6699 1
6700 8
6701 7
6702 7
6703 2
6704 3
6705 1
6706 1
6707 2
6708 7
6709 1
6710 1
6711 6
6712 1
6713 6
6714 4
6715 2
6716 7
6717 3
6718 5
6719 5
6720 3
6721 4
6722 1
6723 4
6724 7
6725 2
6726 8
6727 3
6728 3
6729 10
6730 3
6731 5
6732 3
6733 7
6734 10
6735 10
6736 8
6737 8
6738 7
6739 9
6740 8
6741 6
6742 9
6743 3
6744 10
6745 8
6746 4
6747 8
6748 4
6749 2
6750 5
6751 6
6752 6
6753 8
6754 6
6755 8
6756 1
6757 6
6758 3
6759 10
6760 3
6761 8
6762 4
6763 7
6764 9
6765 4
6766 9
6767 2
6768 6
6769 1
6770 1
6771 1
6772 7
6773 5
6774 1
6775 8
6776 5
6777 9
6778 4
6779 1
6780 6
6781 2
6782 3
6783 6
6784 9
6785 9
6786 6
6787 3
6788 6
6789 10
6790 4
6791 3
6792 9
6793 8
6794 8
6795 1
6796 5
6797 10
6798 8
6799 6
6800 9
6801 1
6802 9
6803 2
6804 7
6805 3
6806 4
6807 4
6808 6
6809 4
6810 10
6811 2
6812 1
6813 6
6814 2
6815 6
6816 1
6817 6
6818 7
6819 7
6820 5
6821 9
6822 3
6823 4
6824 6
6825 2
6826 10
6827 1
6828 6
6829 8
6830 1
6831 2
6832 8
6833 3
6834 5
6835 9
6836 4
6837 5
6838 6
6839 6
6840 9
6841 9
6842 6
6843 7
6844 7
6845 10
6846 6
6847 10
6848 7
6849 10
6850 1
6851 8
6852 8
6853 6
6854 2
6855 8
6856 2
6857 5
6858 9
6859 5
6860 10
6861 7
6862 3
6863 4
6864 2
6865 5
6866 1
6867 1
6868 9
6869 2
6870 3
6871 2
6872 8
6873 8
6874 5
6875 6
6876 10
6877 9
6878 3
6879 1
6880 6
6881 5
6882 9
6883 10
6884 1
6885 2
6886 2
6887 2
6888 4
6889 4
6890 7
6891 10
6892 8
6893 8
6894 2
6895 5
6896 7
6897 8
6898 8
6899 10
6900 6
6901 10
6902 8
6903 5
6904 2
6905 1
6906 7
6907 1
6908 6
6909 9
6910 6
6911 10
6912 4
6913 8
6914 9
6915 6
6916 10
6917 9
6918 6
6919 9
6920 4
6921 6
6922 3
6923 8
6924 8
6925 7
6926 4
6927 8
6928 6
6929 4
6930 5
6931 5
6932 2
6933 5
6934 1
6935 6
6936 3
6937 8
6938 9
6939 10
6940 10
6941 8
6942 5
6943 2
6944 3
6945 9
6946 2
6947 4
6948 8
6949 3
6950 7
6951 6
6952 1
6953 1
6954 7
6955 9
6956 9
6957 4
6958 9
6959 3
6960 9
6961 5
6962 6
6963 6
6964 1
6965 5
6966 8
6967 9
6968 3
6969 3
6970 9
6971 4
6972 9
6973 5
6974 5
6975 8
6976 3
6977 4
6978 7
6979 3
6980 4
6981 5
6982 8
6983 2
6984 7
6985 5
6986 3
6987 4
6988 9
6989 1
6990 4
6991 3
6992 7
6993 10
6994 10
6995 6
6996 8
6997 3
6998 3
6999 3
7000 3
7001 4
7002 5
7003 8
7004 10
7005 3
7006 7
7007 7
7008 6
7009 6
7010 1
7011 3
7012 4
7013 1
7014 3
7015 1
7016 7
7017 5
7018 8
7019 8
7020 9
7021 8
7022 10
7023 8
7024 1
7025 10
7026 5
7027 9
7028 7
7029 7
7030 10
7031 1
7032 3
7033 1
7034 3
7035 7
7036 7
7037 7
7038 10
7039 9
7040 10
7041 9
7042 9
7043 9
7044 7
7045 10
7046 8
7047 4
7048 2
7049 4
7050 9
7051 8
7052 7
7053 5
7054 2
7055 4
7056 8
7057 7
7058 7
7059 4
7060 1
7061 5
7062 6
7063 3
7064 4
7065 1
7066 3
7067 10
7068 8
7069 7
7070 9
7071 10
7072 9
7073 3
7074 8
7075 2
7076 7
7077 8
7078 2
7079 3
7080 2
7081 10
7082 4
7083 9
7084 6
7085 2
7086 3
7087 5
7088 2
7089 1
7090 9
7091 4
7092 5
7093 6
7094 3
7095 5
7096 4
7097 1
7098 3
7099 5
7100 9
7101 5
7102 1
7103 10
7104 5
7105 7
7106 2
7107 10
7108 7
7109 9
7110 4
7111 6
7112 1
7113 9
7114 5
7115 6
7116 2
7117 6
7118 5
7119 4
7120 5
7121 5
7122 6
7123 9
7124 9
7125 2
7126 5
7127 8
7128 6
7129 8
7130 10
7131 8
7132 6
7133 3
7134 9
7135 9
7136 1
7137 9
7138 7
7139 6
7140 6
7141 5
7142 5
7143 3
7144 1
7145 6
7146 8
7147 3
7148 4
7149 1
7150 9
7151 8
7152 1
7153 7
7154 6
7155 2
7156 2
7157 4
7158 3
7159 5
7160 10
7161 5
7162 3
7163 7
7164 4
7165 10
7166 1
7167 6
7168 5
7169 6
7170 1
7171 1
7172 6
7173 7
7174 1
7175 5
7176 7
7177 7
7178 5
7179 8
7180 6
7181 9
7182 3
7183 1
7184 7
7185 9
7186 10
7187 1
7188 4
7189 8
7190 8
7191 9
7192 3
7193 10
7194 8
7195 5
7196 10
7197 2
7198 2
7199 3
7200 1
7201 8
7202 1
7203 7
7204 8
7205 9
7206 1
7207 9
7208 10
7209 2
7210 8
7211 4
7212 5
7213 5
7214 6
7215 9
7216 10
7217 6
7218 1
7219 3
7220 4
7221 7
7222 1
7223 9
7224 7
7225 6
7226 1
7227 4
7228 7
7229 9
7230 5
7231 3
7232 10
7233 4
7234 6
7235 9
7236 7
7237 2
7238 5
7239 6
7240 3
7241 10
7242 7
7243 2
7244 7
7245 5
7246 2
7247 6
7248 8
7249 7
7250 10
7251 7
7252 2
7253 8
7254 3
7255 6
7256 5
7257 3
7258 9
7259 8
7260 5
7261 1
7262 2
7263 10
7264 3
7265 10
7266 6
7267 6
7268 1
7269 9
7270 7
7271 2
7272 1
7273 10
7274 8
7275 6
7276 5
7277 2
7278 7
7279 1
7280 9
7281 3
7282 4
7283 8
7284 2
7285 6
7286 7
7287 9
7288 4
7289 2
7290 6
7291 5
7292 3
7293 3
7294 5
7295 9
7296 6
7297 9
7298 10
7299 5
7300 8
7301 8
7302 8
7303 10
7304 4
7305 4
7306 8
7307 4
7308 8
7309 10
7310 7
7311 3
7312 5
7313 9
7314 10
7315 10
7316 3
7317 2
7318 2
7319 2
7320 5
7321 6
7322 1
7323 6
7324 10
7325 1
7326 4
7327 3
7328 3
7329 6
7330 8
7331 3
7332 5
7333 1
7334 2
7335 3
7336 7
7337 6
7338 4
7339 2
7340 2
7341 9
7342 4
7343 4
7344 5
7345 8
7346 2
7347 2
7348 3
7349 2
7350 4
7351 9
7352 2
7353 8
7354 1
7355 7
7356 7
7357 6
7358 5
7359 8
7360 8
7361 3
7362 7
7363 8
7364 7
7365 7
7366 6
7367 6
7368 5
7369 3
7370 3
7371 5
7372 7
7373 1
7374 8
7375 1
7376 2
7377 10
7378 4
7379 5
7380 3
7381 9
7382 4
7383 6
7384 5
7385 3
7386 10
7387 6
7388 2
7389 4
7390 10
7391 3
7392 1
7393 8
7394 6
7395 4
7396 10
7397 6
7398 1
7399 3
7400 10
7401 4
7402 4
7403 3
7404 9
7405 8
7406 3
7407 4
7408 3
7409 1
7410 6
7411 7
7412 4
7413 8
7414 4
7415 3
7416 6
7417 6
7418 8
7419 3
7420 10
7421 4
7422 3
7423 2
7424 2
7425 5
7426 6
7427 7
7428 1
7429 2
7430 8
7431 9
7432 5
7433 7
7434 5
7435 10
7436 8
7437 6
7438 2
7439 1
7440 5
7441 5
7442 10
7443 10
7444 10
7445 7
7446 6
7447 3
7448 7
7449 7
7450 9
7451 9
7452 4
7453 2
7454 3
7455 10
7456 10
7457 8
7458 7
7459 9
7460 7
7461 5
7462 2
7463 7
7464 1
7465 8
7466 10
7467 3
7468 10
7469 7
7470 1
7471 10
7472 5
7473 6
7474 1
7475 4
7476 8
7477 2
7478 6
7479 2
7480 1
7481 4
7482 10
7483 6
7484 7
7485 8
7486 5
7487 6
7488 6
7489 5
7490 3
7491 4
7492 6
7493 1
7494 10
7495 6
7496 5
7497 4
7498 5
7499 3
7500 10
7501 9
7502 4
7503 3
7504 9
7505 10
7506 7
7507 9
7508 3
7509 10
7510 2
7511 2
7512 5
7513 2
7514 3
7515 3
7516 7
7517 2
7518 7
7519 6
7520 10
7521 1
7522 7
7523 10
7524 1
7525 5
7526 9
7527 8
7528 9
7529 5
7530 9
7531 8
7532 3
7533 2
7534 9
7535 2
7536 2
7537 2
7538 10
7539 10
7540 6
7541 8
7542 7
7543 1
7544 2
7545 2
7546 4
7547 2
7548 9
7549 7
7550 9
7551 6
7552 9
7553 3
7554 10
7555 8
7556 5
7557 7
7558 2
7559 4
7560 7
7561 4
7562 3
7563 10
7564 10
7565 1
7566 7
7567 4
7568 1
7569 6
7570 6
7571 6
7572 10
7573 6
7574 4
7575 5
7576 5
7577 6
7578 1
7579 6
7580 1
7581 9
7582 4
7583 1
7584 2
7585 8
7586 7
7587 10
7588 6
7589 5
7590 1
7591 7
7592 8
7593 10
7594 7
7595 6
7596 1
7597 2
7598 9
7599 6
7600 1
7601 4
7602 2
7603 3
7604 9
7605 10
7606 3
7607 8
7608 2
7609 10
7610 1
7611 4
7612 10
7613 4
7614 10
7615 8
7616 3
7617 6
7618 9
7619 5
7620 4
7621 8
7622 10
7623 1
7624 6
7625 5
7626 7
7627 10
7628 9
7629 6
7630 2
7631 7
7632 7
7633 10
7634 2
7635 6
7636 10
7637 3
7638 3
7639 9
7640 3
7641 4
7642 5
7643 8
7644 9
7645 7
7646 8
7647 1
7648 5
7649 1
7650 7
7651 7
7652 10
7653 7
7654 4
7655 9
7656 7
7657 4
7658 1
7659 1
7660 1
7661 10
7662 7
7663 1
7664 10
7665 2
7666 7
7667 3
7668 5
7669 10
7670 5
7671 2
7672 2
7673 9
7674 6
7675 1
7676 3
7677 2
7678 9
7679 6
7680 3
7681 8
7682 9
7683 2
7684 8
7685 7
7686 6
7687 8
7688 2
7689 7
7690 5
7691 9
7692 10
7693 9
7694 8
7695 7
7696 7
7697 10
7698 1
7699 8
7700 5
7701 3
7702 5
7703 3
7704 9
7705 2
7706 3
7707 4
7708 9
7709 5
7710 4
7711 4
7712 9
7713 1
7714 6
7715 8
7716 3
7717 10
7718 7
7719 3
7720 10
7721 2
7722 5
7723 4
7724 4
7725 8
7726 4
7727 3
7728 5
7729 6
7730 10
7731 9
7732 2
7733 8
7734 5
7735 2
7736 6
7737 1
7738 7
7739 7
7740 3
7741 6
7742 2
7743 8
7744 5
7745 5
7746 8
7747 4
7748 2
7749 9
7750 6
7751 4
7752 6
7753 8
7754 6
7755 3
7756 6
7757 3
7758 4
7759 1
7760 9
7761 7
7762 5
7763 1
7764 8
7765 10
7766 10
7767 7
7768 2
7769 5
7770 7
7771 6
7772 2
7773 6
7774 9
7775 2
7776 4
7777 7
7778 1
7779 9
7780 10
7781 10
7782 10
7783 7
7784 10
7785 2
7786 6
7787 9
7788 6
7789 5
7790 3
7791 5
7792 2
7793 7
7794 8
7795 4
7796 5
7797 1
7798 4
7799 1
7800 2
7801 8
7802 2
7803 7
7804 5
7805 6
7806 2
7807 5
7808 10
7809 5
7810 1
7811 8
7812 10
7813 3
7814 7
7815 6
7816 6
7817 2
7818 6
7819 9
7820 3
7821 9
7822 5
7823 4
7824 8
7825 6
7826 8
7827 1
7828 4
7829 8
7830 3
7831 7
7832 8
7833 8
7834 5
7835 8
7836 1
7837 1
7838 9
7839 3
7840 2
7841 2
7842 6
7843 1
7844 5
7845 1
7846 4
7847 9
7848 1
7849 9
7850 8
7851 2
7852 7
7853 8
7854 2
7855 7
7856 5
7857 10
7858 3
7859 9
7860 2
7861 1
7862 2
7863 6
7864 6
7865 9
7866 7
7867 5
7868 6
7869 8
7870 10
7871 9
7872 10
7873 4
7874 3
7875 5
7876 10
7877 2
7878 8
7879 4
7880 9
7881 6
7882 4
7883 2
7884 3
7885 10
7886 9
7887 7
7888 5
7889 3
7890 9
7891 10
7892 8
7893 8
7894 1
7895 6
7896 2
7897 10
7898 7
7899 6
7900 6
7901 7
7902 4
7903 7
7904 4
7905 4
7906 7
7907 10
7908 10
7909 4
7910 3
7911 2
7912 1
7913 1
7914 6
7915 7
7916 6
7917 3
7918 3
7919 1
7920 10
7921 8
7922 10
7923 3
7924 9
7925 8
7926 8
7927 8
7928 7
7929 4
7930 1
7931 5
7932 6
7933 10
7934 1
7935 1
7936 5
7937 7
7938 10
7939 6
7940 8
7941 10
7942 8
7943 4
7944 2
7945 9
7946 8
7947 3
7948 6
7949 6
7950 1
7951 5
7952 10
7953 1
7954 1
7955 5
7956 1
7957 9
7958 6
7959 8
7960 5
7961 4
7962 4
7963 3
7964 10
7965 8
7966 7
7967 3
7968 6
7969 10
7970 8
7971 3
7972 8
7973 5
7974 2
7975 4
7976 7
7977 5
7978 8
7979 6
7980 4
7981 2
7982 4
7983 9
7984 1
7985 5
7986 10
7987 8
7988 2
7989 8
7990 1
7991 7
7992 1
7993 2
7994 1
7995 2
7996 5
7997 2
7998 1
7999 6
8000 3
8001 10
8002 4
8003 10
8004 6
8005 10
8006 3
8007 9
8008 3
8009 9
8010 8
8011 4
8012 10
8013 2
8014 8
8015 6
8016 9
8017 3
8018 1
8019 10
8020 4
8021 3
8022 8
8023 2
8024 9
8025 5
8026 7
8027 2
8028 10
8029 3
8030 2
8031 8
8032 10
8033 4
8034 2
8035 7
8036 9
8037 5
8038 10
8039 4
8040 1
8041 7
8042 1
8043 6
8044 10
8045 4
8046 6
8047 1
8048 5
8049 5
8050 8
8051 2
8052 8
8053 8
8054 10
8055 8
8056 10
8057 6
8058 7
8059 8
8060 7
8061 1
8062 2
8063 7
8064 2
8065 6
8066 10
8067 3
8068 2
8069 3
8070 7
8071 1
8072 7
8073 2
8074 4
8075 2
8076 4
8077 4
8078 4
8079 6
8080 9
8081 4
8082 2
8083 4
8084 5
8085 2
8086 9
8087 1
8088 2
8089 5
8090 9
8091 7
8092 9
8093 4
8094 5
8095 6
8096 6
8097 10
8098 3
8099 5
8100 3
8101 2
8102 8
8103 10
8104 6
8105 9
8106 2
8107 4
8108 9
8109 4
8110 7
8111 5
8112 6
8113 3
8114 3
8115 10
8116 5
8117 6
8118 5
8119 5
8120 3
8121 10
8122 10
8123 3
8124 9
8125 3
8126 3
8127 6
8128 1
8129 3
8130 1
8131 1
8132 2
8133 3
8134 9
8135 10
8136 1
8137 7
8138 7
8139 10
8140 4
8141 4
8142 8
8143 2
8144 3
8145 1
8146 2
8147 7
8148 10
8149 8
8150 7
8151 10
8152 4
8153 6
8154 5
8155 7
8156 7
8157 10
8158 7
8159 10
8160 3
8161 4
8162 5
8163 6
8164 10
8165 7
8166 9
8167 10
8168 9
8169 6
8170 4
8171 3
8172 4
8173 3
8174 1
8175 2
8176 5
8177 6
8178 2
8179 7
8180 3
8181 7
8182 7
8183 3
8184 6
8185 3
8186 3
8187 7
8188 9
8189 4
8190 3
8191 5
8192 6
8193 2
8194 2
8195 7
8196 9
8197 9
8198 1
8199 7
8200 3
8201 10
8202 3
8203 8
8204 6
8205 4
8206 7
8207 3
8208 3
8209 2
8210 4
8211 8
8212 4
8213 1
8214 9
8215 4
8216 2
8217 1
8218 9
8219 8
8220 6
8221 4
8222 3
8223 1
8224 2
8225 4
8226 4
8227 3
8228 2
8229 5
8230 2
8231 5
8232 10
8233 7
8234 7
8235 7
8236 3
8237 5
8238 7
8239 5
8240 7
8241 8
8242 6
8243 3
8244 10
8245 5
8246 6
8247 9
8248 9
8249 8
8250 1
8251 7
8252 1
8253 5
8254 9
8255 4
8256 7
8257 6
8258 9
8259 8
8260 4
8261 8
8262 1
8263 5
8264 2
8265 1
8266 6
8267 3
8268 4
8269 2
8270 9
8271 4
8272 2
8273 2
8274 7
8275 6
8276 3
8277 5
8278 3
8279 3
8280 6
8281 10
8282 2
8283 7
8284 8
8285 9
8286 10
8287 2
8288 9
8289 7
8290 5
8291 7
8292 7
8293 7
8294 9
8295 8
8296 1
8297 7
8298 7
8299 3
8300 2
8301 1
8302 2
8303 6
8304 6
8305 3
8306 2
8307 4
8308 1
8309 4
8310 6
8311 7
8312 5
8313 8
8314 10
8315 3
8316 10
8317 7
8318 7
8319 9
8320 1
8321 4
8322 7
8323 2
8324 7
8325 6
8326 6
8327 1
8328 7
8329 5
8330 6
8331 2
8332 7
8333 3
8334 6
8335 8
8336 10
8337 2
8338 7
8339 2
8340 9
8341 6
8342 9
8343 6
8344 3
8345 9
8346 3
8347 3
8348 9
8349 4
8350 9
8351 8
8352 2
8353 10
8354 6
8355 10
8356 8
8357 3
8358 5
8359 7
8360 2
8361 1
8362 1
8363 6
8364 5
8365 4
8366 6
8367 5
8368 3
8369 7
8370 4
8371 6
8372 9
8373 1
8374 2
8375 10
8376 9
8377 10
8378 1
8379 7
8380 8
8381 6
8382 1
8383 8
8384 8
8385 5
8386 6
8387 9
8388 4
8389 7
8390 3
8391 2
8392 10
8393 8
8394 3
8395 3
8396 8
8397 9
8398 8
8399 9
8400 8
8401 8
8402 7
8403 4
8404 7
8405 2
8406 1
8407 1
8408 1
8409 5
8410 7
8411 3
8412 2
8413 10
8414 6
8415 5
8416 3
8417 3
8418 4
8419 10
8420 7
8421 7
8422 10
8423 5
8424 2
8425 9
8426 9
8427 8
8428 4
8429 1
8430 1
8431 8
8432 5
8433 10
8434 3
8435 5
8436 1
8437 3
8438 10
8439 4
8440 8
8441 10
8442 6
8443 3
8444 8
8445 5
8446 7
8447 1
8448 9
8449 9
8450 4
8451 5
8452 4
8453 5
8454 8
8455 7
8456 3
8457 5
8458 1
8459 3
8460 6
8461 6
8462 1
8463 8
8464 8
8465 3
8466 5
8467 6
8468 9
8469 8
8470 10
8471 10
8472 10
8473 10
8474 1
8475 1
8476 6
8477 7
8478 3
8479 4
8480 9
8481 10
8482 2
8483 6
8484 9
8485 7
8486 10
8487 3
8488 9
8489 3
8490 5
8491 6
8492 10
8493 2
8494 2
8495 3
8496 8
8497 9
8498 6
8499 4
8500 6
8501 5
8502 10
8503 7
8504 5
8505 7
8506 2
8507 9
8508 2
8509 10
8510 10
8511 7
8512 6
8513 2
8514 4
8515 2
8516 9
8517 10
8518 7
8519 3
8520 2
8521 7
8522 9
8523 3
8524 6
8525 4
8526 1
8527 10
8528 10
8529 4
8530 7
8531 6
8532 2
8533 5
8534 5
8535 1
8536 10
8537 9
8538 4
8539 4
8540 1
8541 10
8542 6
8543 4
8544 8
8545 6
8546 2
8547 4
8548 8
8549 10
8550 5
8551 5
8552 3
8553 5
8554 4
8555 7
8556 1
8557 2
8558 5
8559 10
8560 4
8561 4
8562 8
8563 2
8564 7
8565 5
8566 2
8567 7
8568 4
8569 6
8570 8
8571 2
8572 2
8573 8
8574 3
8575 10
8576 3
8577 5
8578 9
8579 5
8580 7
8581 7
8582 8
8583 9
8584 5
8585 1
8586 6
8587 1
8588 10
8589 3
8590 9
8591 1
8592 6
8593 2
8594 7
8595 5
8596 8
8597 10
8598 3
8599 2
8600 1
8601 10
8602 1
8603 2
8604 10
8605 3
8606 5
8607 5
8608 7
8609 6
8610 9
8611 6
8612 3
8613 3
8614 9
8615 10
8616 10
8617 7
8618 9
8619 2
8620 5
8621 10
8622 1
8623 6
8624 6
8625 5
8626 1
8627 9
8628 10
8629 4
8630 3
8631 2
8632 6
8633 10
8634 7
8635 10
8636 9
8637 6
8638 2
8639 10
8640 6
8641 1
8642 7
8643 2
8644 9
8645 2
8646 6
8647 5
8648 4
8649 5
8650 10
8651 2
8652 6
8653 2
8654 6
8655 9
8656 10
8657 2
8658 7
8659 10
8660 4
8661 10
8662 9
8663 1
8664 9
8665 9
8666 10
8667 3
8668 8
8669 8
8670 7
8671 9
8672 2
8673 10
8674 3
8675 4
8676 3
8677 7
8678 5
8679 4
8680 2
8681 7
8682 3
8683 6
8684 10
8685 7
8686 1
8687 6
8688 4
8689 2
8690 6
8691 10
8692 5
8693 5
8694 8
8695 2
8696 3
8697 1
8698 8
8699 4
8700 7
8701 4
8702 4
8703 9
8704 4
8705 5
8706 7
8707 7
8708 3
8709 4
8710 1
8711 4
8712 10
8713 8
8714 9
8715 4
8716 8
8717 4
8718 8
8719 9
8720 6
8721 5
8722 5
8723 8
8724 7
8725 1
8726 6
8727 1
8728 7
8729 1
8730 4
8731 5
8732 4
8733 2
8734 7
8735 6
8736 1
8737 2
8738 3
8739 3
8740 2
8741 10
8742 9
8743 2
8744 7
8745 7
8746 7
8747 2
8748 1
8749 7
8750 4
8751 1
8752 8
8753 10
8754 2
8755 2
8756 3
8757 8
8758 1
8759 4
8760 3
8761 6
8762 3
8763 3
8764 8
8765 1
8766 5
8767 8
8768 9
8769 9
8770 3
8771 5
8772 1
8773 6
8774 10
8775 4
8776 3
8777 8
8778 7
8779 1
8780 9
8781 8
8782 6
8783 3
8784 8
8785 8
8786 1
8787 10
8788 6
8789 7
8790 8
8791 4
8792 4
8793 5
8794 10
8795 9
8796 9
8797 6
8798 1
8799 2
8800 1
8801 1
8802 7
8803 3
8804 4
8805 9
8806 4
8807 4
8808 7
8809 2
8810 4
8811 5
8812 6
8813 5
8814 8
8815 9
8816 6
8817 8
8818 6
8819 6
8820 5
8821 1
8822 7
8823 3
8824 10
8825 8
8826 9
8827 2
8828 9
8829 5
8830 5
8831 8
8832 5
8833 3
8834 2
8835 10
8836 9
8837 1
8838 4
8839 8
8840 2
8841 6
8842 4
8843 2
8844 9
8845 4
8846 3
8847 4
8848 7
8849 10
8850 10
8851 10
8852 10
8853 7
8854 4
8855 9
8856 8
8857 3
8858 10
8859 1
8860 1
8861 2
8862 7
8863 8
8864 9
8865 3
8866 2
8867 3
8868 9
8869 2
8870 2
8871 6
8872 4
8873 4
8874 4
8875 5
8876 1
8877 10
8878 1
8879 3
8880 6
8881 8
8882 3
8883 1
8884 2
8885 5
8886 5
8887 7
8888 2
8889 1
8890 9
8891 2
8892 5
8893 5
8894 3
8895 3
8896 10
8897 9
8898 5
8899 4
8900 4
8901 10
8902 7
8903 3
8904 3
8905 1
8906 4
8907 7
8908 5
8909 1
8910 7
8911 9
8912 9
8913 3
8914 8
8915 3
8916 5
8917 5
8918 6
8919 1
8920 4
8921 6
8922 1
8923 7
8924 8
8925 1
8926 8
8927 8
8928 7
8929 4
8930 1
8931 5
8932 9
8933 5
8934 9
8935 10
8936 2
8937 5
8938 1
8939 6
8940 3
8941 8
8942 8
8943 2
8944 7
8945 2
8946 10
8947 1
8948 1
8949 2
8950 9
8951 6
8952 2
8953 8
8954 10
8955 6
8956 4
8957 8
8958 3
8959 2
8960 5
8961 1
8962 6
8963 5
8964 3
8965 2
8966 1
8967 10
8968 6
8969 9
8970 6
8971 10
8972 2
8973 6
8974 1
8975 2
8976 10
8977 4
8978 10
8979 2
8980 3
8981 3
8982 5
8983 9
8984 6
8985 7
8986 8
8987 2
8988 8
8989 9
8990 2
8991 4
8992 2
8993 4
8994 2
8995 2
8996 10
8997 7
8998 9
8999 2
9000 7
9001 3
9002 5
9003 3
9004 9
9005 10
9006 7
9007 10
9008 7
9009 9
9010 1
9011 10
9012 4
9013 5
9014 9
9015 9
9016 1
9017 8
9018 6
9019 6
9020 6
9021 7
9022 9
9023 6
9024 8
9025 4
9026 7
9027 2
9028 4
9029 9
9030 4
9031 10
9032 4
9033 9
9034 7
9035 1
9036 5
9037 10
9038 3
9039 7
9040 4
9041 1
9042 1
9043 5
9044 5
9045 3
9046 9
9047 2
9048 6
9049 3
9050 10
9051 7
9052 8
9053 10
9054 7
9055 8
9056 9
9057 8
9058 8
9059 6
9060 3
9061 3
9062 4
9063 1
9064 9
9065 6
9066 4
9067 3
9068 10
9069 3
9070 3
9071 4
9072 3
9073 3
9074 10
9075 8
9076 1
9077 5
9078 9
9079 5
9080 3
9081 10
9082 8
9083 4
9084 5
9085 7
9086 8
9087 3
9088 7
9089 10
9090 10
9091 8
9092 9
9093 5
9094 6
9095 2
9096 7
9097 6
9098 10
9099 7
9100 6
9101 9
9102 6
9103 9
9104 10
9105 3
9106 6
9107 8
9108 2
9109 3
9110 10
9111 9
9112 5
9113 4
9114 1
9115 9
9116 3
9117 8
9118 9
9119 3
9120 1
9121 2
9122 4
9123 10
9124 3
9125 5
9126 4
9127 5
9128 7
9129 7
9130 9
9131 9
9132 6
9133 4
9134 5
9135 6
9136 8
9137 3
9138 4
9139 1
9140 4
9141 7
9142 7
9143 5
9144 3
9145 10
9146 1
9147 6
9148 5
9149 7
9150 1
9151 1
9152 7
9153 4
9154 7
9155 10
9156 1
9157 4
9158 9
9159 10
9160 10
9161 7
9162 1
9163 8
9164 9
9165 8
9166 8
9167 10
9168 8
9169 3
9170 10
9171 3
9172 8
9173 4
9174 9
9175 4
9176 3
9177 4
9178 4
9179 5
9180 4
9181 7
9182 2
9183 2
9184 5
9185 10
9186 5
9187 5
9188 9
9189 9
9190 7
9191 10
9192 7
9193 6
9194 10
9195 1
9196 9
9197 1
9198 9
9199 1
9200 9
9201 7
9202 6
9203 1
9204 4
9205 9
9206 1
9207 6
9208 8
9209 1
9210 8
9211 3
9212 5
9213 3
9214 3
9215 9
9216 8
9217 8
9218 2
9219 7
9220 6
9221 8
9222 10
9223 4
9224 2
9225 7
9226 7
9227 8
9228 3
9229 10
9230 3
9231 7
9232 7
9233 4
9234 7
9235 7
9236 2
9237 3
9238 9
9239 8
9240 10
9241 6
9242 7
9243 5
9244 6
9245 1
9246 6
9247 3
9248 9
9249 5
9250 8
9251 3
9252 8
9253 3
9254 10
9255 5
9256 5
9257 8
9258 3
9259 9
9260 2
9261 9
9262 4
9263 7
9264 2
9265 3
9266 2
9267 7
9268 6
9269 2
9270 10
9271 5
9272 6
9273 7
9274 9
9275 5
9276 7
9277 8
9278 10
9279 2
9280 5
9281 1
9282 7
9283 8
9284 10
9285 4
9286 6
9287 5
9288 10
9289 8
9290 10
9291 8
9292 10
9293 7
9294 3
9295 2
9296 4
9297 6
9298 5
9299 2
9300 9
9301 2
9302 2
9303 2
9304 4
9305 1
9306 8
9307 3
9308 1
9309 7
9310 3
9311 8
9312 7
9313 2
9314 7
9315 10
9316 8
9317 1
9318 8
9319 6
9320 3
9321 5
9322 3
9323 8
9324 4
9325 8
9326 1
9327 2
9328 7
9329 7
9330 1
9331 9
9332 6
9333 3
9334 4
9335 7
9336 8
9337 6
9338 2
9339 6
9340 7
9341 1
9342 5
9343 3
9344 8
9345 4
9346 9
9347 7
9348 8
9349 2
9350 4
9351 2
9352 5
9353 1
9354 9
9355 9
9356 1
9357 4
9358 4
9359 6
9360 6
9361 3
9362 2
9363 5
9364 3
9365 4
9366 4
9367 10
9368 6
9369 4
9370 9
9371 3
9372 7
9373 9
9374 2
9375 1
9376 3
9377 1
9378 3
9379 5
9380 7
9381 8
9382 5
9383 5
9384 5
9385 1
9386 10
9387 9
9388 3
9389 3
9390 1
9391 9
9392 4
9393 6
9394 10
9395 3
9396 2
9397 7
9398 6
9399 3
9400 9
9401 5
9402 1
9403 2
9404 4
9405 1
9406 2
9407 4
9408 5
9409 1
9410 2
9411 5
9412 2
9413 2
9414 9
9415 3
9416 8
9417 4
9418 4
9419 5
9420 8
9421 5
9422 1
9423 9
9424 10
9425 7
9426 6
9427 8
9428 9
9429 6
9430 1
9431 10
9432 5
9433 5
9434 3
9435 8
9436 9
9437 9
9438 3
9439 5
9440 6
9441 2
9442 3
9443 1
9444 7
9445 2
9446 6
9447 8
9448 2
9449 9
9450 3
9451 1
9452 2
9453 6
9454 9
9455 10
9456 8
9457 2
9458 9
9459 1
9460 3
9461 3
9462 8
9463 2
9464 6
9465 7
9466 10
9467 7
9468 2
9469 1
9470 2
9471 4
9472 7
9473 4
9474 7
9475 4
9476 2
9477 6
9478 5
9479 10
9480 3
9481 8
9482 8
9483 6
9484 2
9485 10
9486 5
9487 1
9488 1
9489 7
9490 9
9491 3
9492 3
9493 8
9494 2
9495 9
9496 2
9497 3
9498 8
9499 7
9500 10
9501 1
9502 5
9503 1
9504 9
9505 2
9506 2
9507 6
9508 6
9509 5
9510 3
9511 2
9512 6
9513 10
9514 9
9515 8
9516 6
9517 2
9518 9
9519 7
9520 3
9521 8
9522 1
9523 6
9524 3
9525 4
9526 10
9527 1
9528 8
9529 10
9530 10
9531 7
9532 10
9533 9
9534 10
9535 4
9536 5
9537 3
9538 1
9539 8
9540 9
9541 9
9542 10
9543 9
9544 4
9545 7
9546 7
9547 8
9548 8
9549 10
9550 4
9551 1
9552 9
9553 4
9554 4
9555 8
9556 9
9557 3
9558 10
9559 7
9560 8
9561 7
9562 3
9563 4
9564 7
9565 5
9566 6
9567 5
9568 10
9569 5
9570 10
9571 9
9572 10
9573 7
9574 1
9575 4
9576 6
9577 2
9578 6
9579 6
9580 5
9581 9
9582 1
9583 4
9584 1
9585 1
9586 10
9587 1
9588 8
9589 1
9590 8
9591 9
9592 10
9593 6
9594 1
9595 7
9596 2
9597 1
9598 7
9599 9
9600 3
9601 2
9602 10
9603 8
9604 2
9605 4
9606 5
9607 5
9608 10
9609 3
9610 3
9611 2
9612 7
9613 6
9614 4
9615 6
9616 8
9617 2
9618 7
9619 3
9620 3
9621 2
9622 8
9623 5
9624 7
9625 3
9626 5
9627 2
9628 9
9629 5
9630 7
9631 7
9632 8
9633 8
9634 7
9635 10
9636 2
9637 10
9638 4
9639 7
9640 6
9641 5
9642 6
9643 8
9644 1
9645 2
9646 7
9647 4
9648 2
9649 9
9650 3
9651 7
9652 8
9653 2
9654 6
9655 3
9656 10
9657 6
9658 2
9659 3
9660 4
9661 6
9662 8
9663 9
9664 5
9665 1
9666 5
9667 3
9668 2
9669 3
9670 9
9671 4
9672 2
9673 8
9674 8
9675 10
9676 9
9677 1
9678 1
9679 8
9680 9
9681 5
9682 5
9683 8
9684 1
9685 10
9686 4
9687 3
9688 1
9689 1
9690 10
9691 7
9692 8
9693 10
9694 6
9695 6
9696 2
9697 10
9698 9
9699 6
9700 10
9701 8
9702 7
9703 1
9704 5
9705 2
9706 5
9707 10
9708 3
9709 6
9710 1
9711 7
9712 3
9713 10
9714 10
9715 3
9716 5
9717 3
9718 7
9719 5
9720 10
9721 1
9722 1
9723 5
9724 4
9725 4
9726 5
9727 7
9728 2
9729 4
9730 9
9731 4
9732 6
9733 9
9734 7
9735 5
9736 3
9737 6
9738 2
9739 2
9740 8
9741 8
9742 7
9743 2
9744 2
9745 4
9746 2
9747 8
9748 2
9749 2
9750 8
9751 8
9752 9
9753 2
9754 2
9755 2
9756 10
9757 7
9758 5
9759 1
9760 2
9761 1
9762 1
9763 10
9764 3
9765 3
9766 5
9767 6
9768 8
9769 3
9770 5
9771 1
9772 1
9773 9
9774 2
9775 5
9776 4
9777 3
9778 4
9779 8
9780 7
9781 3
9782 4
9783 1
9784 7
9785 6
9786 5
9787 7
9788 10
9789 6
9790 7
9791 6
9792 2
9793 10
9794 10
9795 6
9796 4
9797 5
9798 7
9799 6
9800 1
9801 7
9802 8
9803 7
9804 8
9805 10
9806 3
9807 5
9808 7
9809 5
9810 2
9811 4
9812 6
9813 10
9814 6
9815 3
9816 9
9817 8
9818 8
9819 4
9820 3
9821 3
9822 6
9823 7
9824 5
9825 5
9826 7
9827 7
9828 5
9829 6
9830 6
9831 5
9832 6
9833 8
9834 10
9835 4
9836 4
9837 3
9838 2
9839 6
9840 10
9841 9
9842 3
9843 6
9844 4
9845 10
9846 5
9847 8
9848 4
9849 10
9850 2
9851 7
9852 10
9853 8
9854 6
9855 7
9856 2
9857 9
9858 5
9859 10
9860 7
9861 8
9862 8
9863 1
9864 8
9865 10
9866 4
9867 8
9868 7
9869 7
9870 10
9871 8
9872 9
9873 8
9874 3
9875 10
9876 4
9877 9
9878 6
9879 3
9880 2
9881 10
9882 2
9883 3
9884 1
9885 10
9886 2
9887 4
9888 3
9889 5
9890 10
9891 4
9892 2
9893 1
9894 8
9895 9
9896 6
9897 9
9898 3
9899 2
9900 3
9901 8
9902 7
9903 4
9904 8
9905 4
9906 7
9907 6
9908 2
9909 4
9910 2
9911 1
9912 6
9913 7
9914 10
9915 10
9916 4
9917 4
9918 4
9919 6
9920 7
9921 1
9922 3
9923 10
9924 5
9925 7
9926 2
9927 10
9928 7
9929 3
9930 3
9931 2
9932 5
9933 2
9934 8
9935 5
9936 3
9937 4
9938 9
9939 2
9940 1
9941 3
9942 10
9943 3
9944 2
9945 2
9946 9
9947 2
9948 10
9949 6
9950 1
9951 1
9952 6
9953 3
9954 9
9955 6
9956 4
9957 4
9958 3
9959 2
9960 4
9961 1
9962 7
9963 9
9964 7
9965 8
9966 9
9967 5
9968 4
9969 10
9970 1
9971 9
9972 3
9973 1
9974 2
9975 4
9976 8
9977 7
9978 7
9979 10
9980 5
9981 8
9982 10
9983 1
9984 10
9985 1
9986 8
9987 8
9988 1
9989 6
9990 10
9991 4
9992 10
9993 2
9994 5
9995 4
9996 6
9997 3
9998 7
9999 9
10000 7
10001 1
10002 7
10003 1
10004 2
10005 8
10006 8
10007 7
10008 8
10009 4
10010 5
10011 2
10012 1
10013 8
10014 8
10015 3
10016 7
10017 4
10018 7
10019 7
10020 3
10021 1
10022 3
10023 8
10024 10
10025 1
10026 7
10027 6
10028 6
10029 5
10030 3
10031 5
10032 5
10033 10
10034 4
10035 6
10036 3
10037 10
10038 5
10039 4
10040 7
10041 8
10042 1
10043 4
10044 9
10045 7
10046 7
10047 6
10048 5
10049 9
10050 7
10051 7
10052 8
10053 5
10054 10
10055 6
10056 9
10057 5
10058 3
10059 1
10060 6
10061 4
10062 6
10063 8
10064 3
10065 6
10066 8
10067 9
10068 7
10069 7
10070 10
10071 3
10072 9
10073 7
10074 8
10075 9
10076 1
10077 5
10078 6
10079 6
10080 10
10081 2
10082 3
10083 10
10084 8
10085 9
10086 4
10087 6
10088 2
10089 3
10090 9
10091 9
10092 3
10093 3
10094 1
10095 10
10096 9
10097 9
10098 1
10099 5
10100 2
10101 4
10102 10
10103 3
10104 8
10105 5
10106 3
10107 6
10108 9
10109 5
10110 1
10111 10
10112 2
10113 7
10114 5
10115 4
10116 1
10117 3
10118 9
10119 8
10120 5
10121 5
10122 10
10123 2
10124 9
10125 10
10126 5
10127 7
10128 3
10129 8
10130 9
10131 6
10132 9
10133 3
10134 7
10135 8
10136 1
10137 8
10138 5
10139 5
10140 1
10141 1
10142 7
10143 6
10144 2
10145 5
10146 9
10147 8
10148 1
10149 7
10150 4
10151 1
10152 8
10153 8
10154 8
10155 4
10156 2
10157 3
10158 7
10159 1
10160 1
10161 10
10162 2
10163 1
10164 9
10165 7
10166 7
10167 8
10168 2
10169 5
10170 5
10171 6
10172 8
10173 1
10174 2
10175 10
10176 4
10177 9
10178 8
10179 9
10180 1
10181 1
10182 8
10183 3
10184 1
10185 2
10186 1
10187 4
10188 4
10189 2
10190 5
10191 2
10192 8
10193 1
10194 2
10195 10
10196 4
10197 9
10198 10
10199 5
10200 2
10201 5
10202 7
10203 5
10204 9
10205 8
10206 8
10207 1
10208 10
10209 7
10210 5
10211 6
10212 10
10213 10
10214 5
10215 10
10216 10
10217 9
10218 4
10219 1
10220 7
10221 8
10222 5
10223 4
10224 3
10225 1
10226 10
10227 10
10228 7
10229 10
10230 5
10231 1
10232 8
10233 4
10234 9
10235 7
10236 7
10237 3
10238 8
10239 7
10240 2
10241 6
10242 1
10243 7
10244 4
10245 7
10246 2
10247 6
10248 10
10249 5
10250 4
10251 2
10252 7
10253 3
10254 5
10255 1
10256 7
10257 5
10258 6
10259 4
10260 1
10261 4
10262 10
10263 10
10264 7
10265 9
10266 5
10267 1
10268 5
10269 8
10270 9
10271 9
10272 7
10273 3
10274 3
10275 5
10276 5
10277 4
10278 2
10279 10
10280 3
10281 3
10282 6
10283 5
10284 5
10285 6
10286 2
10287 6
10288 3
10289 5
10290 7
10291 1
10292 6
10293 10
10294 6
10295 5
10296 10
10297 10
10298 1
10299 5
10300 3
10301 5
10302 9
10303 7
10304 10
10305 5
10306 2
10307 7
10308 7
10309 5
10310 10
10311 6
10312 5
10313 9
10314 7
10315 5
10316 6
10317 9
10318 10
10319 10
10320 8
10321 1
10322 4
10323 2
10324 5
10325 2
10326 3
10327 5
10328 3
10329 3
10330 3
10331 6
10332 10
10333 6
10334 4
10335 9
10336 5
10337 9
10338 5
10339 4
10340 7
10341 5
10342 5
10343 7
10344 6
10345 4
10346 7
10347 9
10348 7
10349 4
10350 4
10351 3
10352 5
10353 7
10354 9
10355 1
10356 2
10357 8
10358 4
10359 9
10360 2
10361 5
10362 8
10363 3
10364 5
10365 4
10366 2
10367 4
10368 8
10369 5
10370 10
10371 10
10372 3
10373 10
10374 3
10375 6
10376 10
10377 2
10378 2
10379 6
10380 5
10381 2
10382 2
10383 10
10384 8
10385 6
10386 5
10387 10
10388 4
10389 2
10390 1
10391 8
10392 3
10393 1
10394 7
10395 7
10396 6
10397 6
10398 9
10399 7
10400 4
10401 7
10402 6
10403 10
10404 7
10405 4
10406 6
10407 1
10408 10
10409 6
10410 3
10411 10
10412 4
10413 8
10414 10
10415 1
10416 2
10417 1
10418 10
10419 5
10420 10
10421 7
10422 3
10423 2
10424 2
10425 5
10426 1
10427 3
10428 8
10429 5
10430 2
10431 2
10432 10
10433 9
10434 4
10435 8
10436 4
10437 1
10438 9
10439 3
10440 4
10441 4
10442 2
10443 5
10444 4
10445 5
10446 9
10447 6
10448 4
10449 8
10450 5
10451 1
10452 1
10453 9
10454 3
10455 8
10456 6
10457 5
10458 7
10459 6
10460 8
10461 6
10462 9
10463 9
10464 2
10465 5
10466 10
10467 2
10468 6
10469 9
10470 3
10471 9
10472 5
10473 7
10474 1
10475 7
10476 2
10477 8
10478 9
10479 8
10480 2
10481 8
10482 8
10483 9
10484 1
10485 8
10486 8
10487 5
10488 10
10489 1
10490 2
10491 1
10492 7
10493 7
10494 5
10495 9
10496 1
10497 9
10498 5
10499 10
10500 2
10501 4
10502 7
10503 4
10504 2
10505 2
10506 5
10507 3
10508 8
10509 3
10510 7
10511 6
10512 5
10513 7
10514 9
10515 4
10516 5
10517 10
10518 6
10519 9
10520 7
10521 3
10522 5
10523 3
10524 1
10525 1
10526 9
10527 10
10528 5
10529 6
10530 7
10531 5
10532 8
10533 10
10534 8
10535 4
10536 8
10537 6
10538 4
10539 5
10540 9
10541 1
10542 7
10543 9
10544 3
10545 4
10546 2
10547 6
10548 5
10549 2
10550 10
10551 3
10552 2
10553 1
10554 10
10555 7
10556 9
10557 3
10558 8
10559 8
10560 8
10561 1
10562 8
10563 1
10564 5
10565 3
10566 6
10567 4
10568 8
10569 1
10570 1
10571 6
10572 7
10573 5
10574 7
10575 6
10576 7
10577 3
10578 7
10579 3
10580 9
10581 7
10582 4
10583 10
10584 5
10585 6
10586 7
10587 1
10588 3
10589 6
10590 2
10591 1
10592 2
10593 9
10594 4
10595 2
10596 8
10597 8
10598 9
10599 5
10600 9
10601 6
10602 5
10603 1
10604 8
10605 3
10606 6
10607 6
10608 8
10609 9
10610 4
10611 6
10612 7
10613 1
10614 9
10615 8
10616 5
10617 1
10618 3
10619 8
10620 8
10621 5
10622 5
10623 3
10624 7
10625 1
10626 7
10627 7
10628 4
10629 3
10630 5
10631 2
10632 3
10633 2
10634 5
10635 4
10636 8
10637 1
10638 3
10639 1
10640 10
10641 3
10642 5
10643 2
10644 3
10645 6
10646 8
10647 6
10648 8
10649 9
10650 2
10651 7
10652 7
10653 7
10654 5
10655 2
10656 7
10657 9
10658 5
10659 3
10660 5
10661 2
10662 9
10663 2
10664 7
10665 6
10666 3
10667 5
10668 4
10669 9
10670 8
10671 3
10672 2
10673 3
10674 8
10675 9
10676 4
10677 3
10678 1
10679 5
10680 1
10681 4
10682 5
10683 4
10684 9
10685 7
10686 4
10687 9
10688 1
10689 3
10690 2
10691 1
10692 7
10693 8
10694 3
10695 2
10696 4
10697 7
10698 5
10699 7
10700 7
10701 7
10702 10
10703 10
10704 2
10705 6
10706 1
10707 4
10708 10
10709 4
10710 8
10711 9
10712 8
10713 3
10714 5
10715 6
10716 4
10717 7
10718 10
10719 8
10720 6
10721 10
10722 5
10723 7
10724 6
10725 6
10726 6
10727 6
10728 1
10729 2
10730 2
10731 9
10732 8
10733 2
10734 1
10735 8
10736 6
10737 5
10738 1
10739 8
10740 9
10741 6
10742 2
10743 9
10744 5
10745 4
10746 6
10747 7
10748 10
10749 7
10750 2
10751 7
10752 9
10753 4
10754 5
10755 7
10756 4
10757 3
10758 10
10759 9
10760 9
10761 7
10762 3
10763 6
10764 2
10765 7
10766 8
10767 4
10768 4
10769 8
10770 7
10771 3
10772 5
10773 8
10774 3
10775 2
10776 8
10777 10
10778 2
10779 1
10780 4
10781 5
10782 8
10783 10
10784 6
10785 7
10786 1
10787 7
10788 4
10789 1
10790 4
10791 4
10792 9
10793 6
10794 9
10795 8
10796 5
10797 2
10798 4
10799 4
10800 1
10801 9
10802 3
10803 3
10804 6
10805 5
10806 5
10807 2
10808 10
10809 9
10810 8
10811 7
10812 5
10813 8
10814 6
10815 2
10816 10
10817 9
10818 10
10819 4
10820 3
10821 1
10822 7
10823 8
10824 1
10825 4
10826 7
10827 9
10828 3
10829 7
10830 1
10831 7
10832 8
10833 1
10834 7
10835 2
10836 5
10837 4
10838 9
10839 6
10840 2
10841 3
10842 8
10843 9
10844 4
10845 4
10846 4
10847 8
10848 2
10849 4
10850 7
10851 1
10852 5
10853 6
10854 5
10855 10
10856 6
10857 10
10858 6
10859 3
10860 4
10861 9
10862 2
10863 8
10864 7
10865 6
10866 9
10867 3
10868 7
10869 3
10870 5
10871 6
10872 10
10873 4
10874 8
10875 1
10876 5
10877 7
10878 8
10879 4
10880 10
10881 9
10882 6
10883 8
10884 5
10885 10
10886 8
10887 8
10888 6
10889 3
10890 9
10891 10
10892 4
10893 8
10894 6
10895 10
10896 9
10897 7
10898 10
10899 2
10900 4
10901 10
10902 4
10903 3
10904 8
10905 10
10906 9
10907 4
10908 2
10909 7
10910 8
10911 3
10912 2
10913 4
10914 6
10915 6
10916 7
10917 3
10918 6
10919 1
10920 2
10921 5
10922 9
10923 3
10924 2
10925 4
10926 3
10927 4
10928 4
10929 6
10930 6
10931 7
10932 4
10933 7
10934 1
10935 3
10936 7
10937 10
10938 1
10939 10
10940 8
10941 9
10942 8
10943 2
10944 2
10945 9
10946 5
10947 3
10948 9
10949 3
10950 8
10951 8
10952 5
10953 6
10954 6
10955 1
10956 10
10957 8
10958 5
10959 1
10960 2
10961 5
10962 7
10963 1
10964 6
10965 9
10966 1
10967 7
10968 8
10969 1
10970 10
10971 7
10972 4
10973 6
10974 10
10975 2
10976 3
10977 1
10978 10
10979 9
10980 1
10981 10
10982 2
10983 5
10984 2
10985 2
10986 2
10987 2
10988 7
10989 6
10990 10
10991 7
10992 1
10993 1
10994 7
10995 10
10996 8
10997 4
10998 7
10999 1
11000 6
